NCBI Gene ID
114551
116517
192309
560753
246094
246095
406367
282559
282672
317743
100005587
323107
324201
321664
327165
334116
334197
335231
336425
321224
368239
369193
378727
445118
378963
335817
572733
399479
399481
394000
393462
393668
406339
406428
405822
406473
406496
406696
406702
406791
394075
402874
436747
436903
436914
436646
323653
436672
445094
445326
445505
447920
447836
563180
541435
799805
550259
792692
557008
751668
561891
558487
557919
790919
100006238
568001
100000750
560944
100000026
570106
30496
30497
