NCBI Gene ID
30083
30084
30085
30086
58141
58120
80939
140424
140426
140622
140620
192305
393697
317745
678545
324845
560827
571344
570437
321793
333997
100005551
334431
561683
335716
322229
565706
321193
338306
368220
368410
368909
373884
554700
569112
100151215
394170
394077
394000
393906
393393
393641
393559
393845
393713
406259
406404
405822
406558
406590
406661
407989
415216
100005067
415176
431724
568726
436692
436919
436981
436989
436595
402854
436652
562399
447905
559298
445201
445069
445151
445486
564719
557708
474325
567051
572027
559295
504040
550420
550502
550533
550560
550586
553671
554129
553701
553639
570652
560653
557902
553270
569142
557972
563724
777719
557735
791145
798022
557834
557026
562627
571355
560486
100148976
561338
565259
559488
562619
100150304
559332
100322457
564465
100536162
100334492
100330772
100334568
556849
563343
569499
555911
556578
571825
101883995
100330875
568219
799942
799449
572061
100331745
571737
30740
30733
