NCBI Gene ID
793137
114549
322605
561832
563589
325181
751628
327566
334017
321965
335008
335485
565971
556641
393421
393393
393509
393722
406370
405867
404620
406734
406739
393127
393931
572335
431758
436622
436958
100002812
692278
450016
449663
559087
555566
572841
570695
560986
558499
503936
550327
550404
550279
571938
553770
553683
555330
641423
555725
565743
678522
558422
492483
555969
724010
767778
777624
553433
100001552
791173
571738
557324
402802
572492
100137124
570720
100170938
569053
799099
559442
406554
100150463
557632
100332911
553380
100148835
100331649
560649
564739
100004136
798864
565386
103171573
563806
30554
