NCBI Gene ID
30068
58068
79378
569581
393938
114551
116517
140620
192309
560753
246094
246095
282672
317737
317746
317743
322339
322670
323107
564552
324201
324556
321621
321664
560827
327165
327512
334116
792824
321928
334897
335231
335715
335974
562149
336425
436647
321224
368262
368912
799963
369193
373092
378713
100006589
378963
568448
386951
335817
572733
399479
399662
393926
393455
394021
393668
406299
406330
406339
406405
406421
406428
406496
405861
406688
406696
406702
406762
406791
393884
415247
402874
436603
436762
437019
436852
436914
403070
436672
445233
445094
445129
445288
445290
445500
445505
445494
436850
447836
450000
449662
492719
407673
403086
541435
541329
798364
550494
550579
550259
553804
792692
606663
402827
751668
791730
793926
570678
768196
558487
557919
570579
100144628
555623
568001
797715
553283
560944
569348
559207
570106
557518
563642
30643
