NCBI Gene ID
58068
114551
140620
192309
560753
266987
317743
322339
322614
322670
323107
323329
324556
321664
560827
327165
557186
327512
334116
334195
321928
334897
100000775
322055
541347
335974
336425
336473
337412
799963
369193
378713
378847
100006589
378962
378963
568448
386951
335817
572733
393926
394138
393423
394021
393668
393799
406330
406496
406688
406696
393970
415247
402874
436949
570368
445094
447836
447864
560682
407673
403086
791612
550524
550579
550259
100149838
792692
606663
791730
558487
794667
100144628
555623
568001
553283
560944
570106
557716
557518
563642
