NCBI Gene ID
30617
30083
30084
30085
30086
58120
58215
64263
64607
64608
81882
84039
116991
192305
260441
266992
100008541
322506
323329
100000559
494065
326857
321793
327496
327512
333974
334195
334420
334431
562037
335716
541347
322089
336257
791775
337412
321294
368239
368242
564697
368229
557240
399479
404731
393982
394170
393580
393462
394129
393528
393469
394021
393753
393864
405814
406404
406590
406624
406746
406789
406799
393143
394181
407989
100004977
431743
436893
436949
403070
323653
436597
402854
570478
445245
445071
445083
445097
445326
445287
445486
445492
447919
447920
447838
447802
567587
100034522
450050
450054
450084
557708
553384
492518
504040
791612
541539
550322
799805
550338
550372
550502
550242
553717
553671
554136
338290
574009
613246
664750
664765
562714
561272
557077
402868
751732
751691
334494
562771
570866
565059
559504
100037331
798974
100073330
571441
100007749
795445
100192219
100144628
799638
571967
561030
560915
555748
555470
103911725
793471
564649
