NCBI Gene ID
30120
58065
58066
58081
58100
65236
65237
114433
140421
140422
140423
142986
245701
245702
259252
266756
317733
317734
557176
100002263
564921
323818
324109
324254
325084
568846
335916
337179
368329
360144
378478
378972
386705
386966
394198
399480
404211
394174
393998
406308
406311
406349
406397
406728
100000252
393246
777733
415185
568726
445251
445076
403065
445289
402862
564719
563920
563181
100002318
493609
557810
564030
403063
564064
562011
503609
550286
560549
797269
571189
553656
563147
570772
564519
569698
570652
557902
777730
563724
791146
556286
557026
100151416
407664
100148976
797938
562720
100002225
555797
100329528
562619
565271
561670
557353
557109
100149273
569499
100149794
100007048
571825
100332111
561737
101910198
101885420
570238
30141
30222
30131
30637
30380
30718
794892
30681
30590
30716
30138
