NCBI Gene ID
58081
58100
58131
58022
114401
140621
79381
260437
557176
100002263
564921
323733
360144
492763
373107
373108
373110
246726
555703
563972
378972
386966
399480
404211
403028
394174
393443
393556
393561
393632
393493
403000
406311
100001425
406736
406845
100000252
415158
431762
436894
403064
569877
449784
492500
503609
569100
560549
559425
553169
570772
678520
100034500
565400
723997
564924
768202
768248
567275
556499
751763
735295
562317
566604
100151416
100329528
100149794
100007048
561737
101910198
30637
30590
