NCBI Gene ID
58081
58100
58129
114433
114401
245701
245702
557176
100002263
799566
564921
323818
324254
794088
325084
558154
326708
335830
561747
352940
373867
368415
360144
559529
386635
378478
378480
378972
386966
399480
404211
404231
79380
394174
393953
100006675
406308
406311
406349
406666
406728
100000252
100034402
445028
403065
445289
554230
100150664
493781
563181
493609
493617
403063
544664
494532
497384
562011
503609
796461
541523
550286
560549
553656
570772
767790
556286
100006951
403045
560564
100135755
100002225
100190951
100270726
100003514
557882
561670
557109
564518
100149794
100007048
100885851
100332111
561737
101910198
796490
30298
30738
30280
30307
30767
30380
386856
30682
30716
30296
30654
