NCBI Gene ID
266990
317637
564551
323426
323464
323865
557254
325106
321745
100003787
334050
321897
334362
334446
321114
321058
368478
386850
613144
394196
393237
394096
394008
393617
406268
406275
494152
793727
406571
406805
321940
393107
393282
393950
393291
415238
436798
436813
442932
445388
555704
445391
100004610
492761
558395
541421
541444
541352
550241
550264
751738
553787
678588
553241
751719
767797
100000532
567505
561138
556379
100332622
799016
568741
100329277
101885168
30502
30488
30428
30572
