NCBI Gene ID
30079
559653
114432
282676
317641
406632
323016
324048
792831
606498
565659
327625
327627
334116
573047
321035
360153
373085
378963
378946
386629
402850
394144
394008
393668
393669
393712
393827
406245
406788
406795
321940
394064
393121
791461
415167
402874
445224
445157
568176
447836
448949
449540
450057
557829
568678
474329
550234
550247
550259
569072
504054
553665
326786
565000
751632
768119
558487
100009659
560362
100037372
566017
563948
564633
100126012
560386
100003553
558857
568001
560944
100332172
570106
100535720
