NCBI Gene ID
114445
192339
192325
322969
570700
323865
324342
324743
325064
321739
571621
327214
327373
333980
558883
334749
335236
559225
336334
337461
368417
368640
368893
327495
373077
378454
403025
393973
777756
393917
393566
393635
393929
393693
568424
406343
406398
406438
335750
406491
406510
405828
798071
406751
406783
406852
406860
394062
393125
394053
432373
445382
436607
436892
436950
436644
445231
445035
445027
445302
445499
445490
445408
100004014
553305
562350
558020
100005893
570945
503767
558395
541444
100004503
751738
553205
321744
555520
407733
407710
566608
556400
751719
767677
553494
561138
100319138
560127
563448
562607
571089
100317326
569006
572542
100529857
100149852
566321
100005536
30172
30572
30707
30622
