NCBI Gene ID
192328
192331
192318
192330
192325
286774
323071
323700
323855
321544
321555
324121
562370
324476
566326
326944
327336
321852
393951
321860
570205
321872
572679
334283
334490
321931
321948
555643
335396
573047
336645
322206
790924
321114
493614
796388
796523
368417
368893
368925
327495
373077
378453
337851
394058
394172
393979
393850
393436
393917
393388
393505
393565
393467
393476
393480
393669
402972
402950
393840
402989
406267
406288
406352
406495
405835
406691
100004402
406775
406810
406824
387600
393920
393889
394059
393282
394018
394053
393292
415140
415211
494165
415157
415167
415171
431751
436751
436883
436946
436976
445383
793027
445043
445089
445302
403072
445398
446117
446168
447922
550244
445404
449780
492481
492495
492511
100005893
494133
494534
503767
550373
557103
503932
606595
572211
558042
751729
566017
563948
567461
570994
560127
100145909
799690
797473
564283
100535720
573376
