NCBI Gene ID
57934
57935
57952
571727
81595
192302
192313
252913
282615
317678
317679
322397
323115
324479
324822
321726
569589
560622
326078
326668
326866
327070
568161
327618
334032
334173
566352
567709
100003254
322129
337105
337133
322248
321217
503731
353295
337414
386775
393911
393628
393709
402932
406357
406394
406444
405852
406557
406675
406809
393225
394050
394048
791987
436695
437025
436877
494160
436638
445300
563456
450079
449794
562738
566768
474324
558344
799716
494062
503606
407699
403077
553775
557263
558711
566219
678613
393245
553471
562045
100001285
768122
563304
561095
566686
559803
564652
564317
100141358
562140
403020
565366
566102
559084
567476
568230
794477
799918
796934
30731
