NCBI Gene ID
30754
58128
83908
140615
171478
791610
560000
559656
321871
334529
334561
100005717
566863
335159
378727
386661
394060
394148
393543
393622
403000
393839
393831
406283
406421
406473
100000859
394156
407736
415166
431754
436617
436636
445125
445175
447944
447860
450073
449662
449677
492647
492719
563298
100101640
541410
548341
550361
550432
567157
553734
553579
554095
449925
555308
794841
558088
751715
568835
768202
768196
553512
777766
555578
562602
100004228
100330224
559097
101884800
30464
30530
30354
30355
557714
30750
557037
30486
793011
30708
