NCBI Gene ID
58100
65236
142986
570636
266749
557176
100002263
799566
564921
323818
324254
325034
325084
335916
561747
562064
373867
368329
360144
369197
373103
386635
378478
100007677
378972
386705
386966
399480
404211
394174
393953
100006675
406308
406311
406349
405898
406666
406728
556443
393972
100000252
393141
431769
436815
100034402
445208
445234
445098
403065
445289
402862
445474
567874
563181
492364
493609
403063
544664
497384
562011
796461
503869
550286
560549
553656
791855
550436
569698
403052
556286
793359
100006951
100151416
407664
564584
403045
797938
562720
100002225
568951
100270726
100003514
560913
557882
100334953
561670
567895
557109
100149273
100000720
100149794
100332111
561737
101882495
101910198
30686
30380
30716
30654
