NCBI Gene ID
57934
57935
58003
58133
58129
570435
64256
64274
65089
65237
65239
80959
541394
114424
114433
114407
114408
117507
117506
192322
245701
245702
245699
245700
561901
266756
282557
322473
557176
100002263
568309
567490
321383
325084
558154
474349
321808
327204
321836
327368
327379
327650
557693
335032
550487
100331732
406660
336421
336839
321107
562521
568718
352940
373867
368461
100001532
359829
359830
360144
368245
368217
336121
559529
570216
378719
378478
378480
403050
799355
494453
378972
394235
399480
403049
404211
404209
404231
100006041
394101
394174
393569
393953
393946
393607
393993
100006675
393801
393733
393760
402929
406311
406411
324004
406659
406714
406728
556443
100000252
407737
415213
415242
415151
415185
568726
437027
556842
445234
445255
445184
403065
445289
554230
494151
449660
100150664
493781
564719
563181
100002318
492355
336073
557810
494456
494455
494454
497384
100005852
100317924
497350
497639
544667
550286
560549
558359
561005
553656
564112
497629
100170824
100535003
445380
567956
767745
100005675
559630
564770
654774
570652
562838
692065
567905
100006460
557902
560100
558477
724048
407700
556734
751792
767790
563724
559976
568288
790931
100073343
553179
553181
570493
101883614
555805
563441
555737
564338
792828
557026
100006888
678512
100148976
559145
403045
100005049
100321746
564266
100001836
560564
493181
557123
100004617
100002225
100141331
795167
567621
100144557
569376
561701
798233
566118
560151
570108
562619
799483
100319849
558635
100004351
100003514
793952
557353
563784
110438919
557109
100535766
556413
569499
100003648
571050
556726
100149794
557797
100536317
563715
571825
794698
102216338
100330358
100332237
101885552
566115
101883508
100003922
101101687
568153
100333114
561737
557337
101910198
100538309
101882608
796490
556873
557468
100001810
100150414
101882925
100233211
30262
30549
30223
30705
30121
30265
30256
100000160
30560
30380
30270
386856
30681
30682
30716
30747
30689
30218
30538
30493
