NCBI Gene ID
58082
58147
58133
58129
570435
60658
65089
65090
570240
568668
798577
79379
114447
114410
114550
140747
798565
170581
192322
192321
245950
259258
259260
260440
798498
561635
558154
321808
327067
327379
562919
334582
335654
568269
555576
569510
406660
322126
568265
337489
561747
562064
352938
387296
387297
387300
373879
387298
352940
373867
353247
368717
403310
368475
100001532
359829
359830
368245
368217
336121
559529
368199
557926
386635
378478
378480
100007677
378746
559964
323659
386966
572183
394199
403049
404036
404231
393953
393998
100006675
393802
393733
405866
406529
406689
394123
393940
393937
403311
407737
415175
568726
436745
436815
100034402
562059
445208
445226
445232
445076
402920
445297
447814
447887
554230
449707
561350
561491
449864
100150664
563019
100038781
493781
564719
492576
561772
492467
492486
493613
555939
544664
564064
494456
494455
494454
497384
100005852
563953
565669
100034592
562625
497639
544667
550270
562585
567212
402892
553675
554046
553489
560561
563147
791855
641328
550436
767745
100005675
405791
559630
797199
564770
692065
567905
566351
569382
100137117
568315
557902
556360
560100
100330960
567534
558477
568671
555612
100038775
569480
100005700
555941
724048
407700
751792
767757
767790
768182
557430
768304
777614
565379
563724
559201
559976
568288
568463
565241
791176
793359
100037315
570493
101883614
568126
735302
735303
100149388
567611
794666
569040
567702
557026
570245
678512
100148976
566411
566370
560808
794575
100537296
561682
403045
100005590
100126126
100005049
555443
100321746
100004739
563111
560564
100002448
100134855
493181
557258
100001113
322720
100144566
561190
558525
569376
561475
558685
561701
553978
563654
558248
567289
557194
792519
566118
751784
560151
570108
560081
564337
562569
100003514
555482
100002125
568614
100002038
555516
571679
100149598
792708
557353
570683
563904
569528
562796
562289
110438919
100332913
568406
564465
100536162
794574
564017
100535766
562402
100333648
565838
569499
558878
100150090
566869
564945
571591
100332929
100333455
569706
101885082
566671
796298
100001530
571825
101883995
559315
559806
569038
563901
100000544
100149100
101885552
566845
100333254
100003535
571808
100334819
560875
556199
795916
792634
100536970
567498
562111
100334881
564832
102216340
555945
796490
100002627
100535026
794026
101882850
101882451
100331465
30546
30442
30549
30705
30512
30121
100000160
30560
30270
386856
30682
30538
