NCBI Gene ID
58118
58100
58032
60641
60642
64272
64269
64267
64273
64612
64613
64614
64615
64616
64609
64610
64611
65236
494052
81886
114457
114550
798689
403044
170450
170451
170452
407735
170581
192322
195820
245703
259257
260440
282557
317747
557176
323099
100002263
564921
100333318
571344
553700
326018
326102
321808
327204
327301
327379
327650
571753
334597
568269
335916
336069
557285
406660
336421
568265
321442
565706
562064
321107
338317
352938
352930
352920
353152
353221
353223
403310
368620
368416
100003223
360144
368217
336121
373103
373873
378719
378746
556641
378972
559964
394198
399480
404211
100006041
394077
394174
393946
393608
393998
406311
406411
406421
406463
406493
405866
406588
406659
406714
406728
393940
100000252
573207
407980
403311
415108
415107
415242
415151
436584
568726
402987
436745
437027
436815
570410
445208
445076
403065
402919
402917
402920
415099
449864
450006
449660
449662
335625
445393
564719
100034412
563181
403042
492507
563298
567051
564064
566841
567111
103911065
541315
550513
550516
550270
568211
560549
558359
557843
101885360
559080
402892
493624
563147
791855
550436
569698
568565
767745
100005675
405791
321070
565743
570652
562838
560653
560267
568315
557902
568368
569550
793666
558477
568671
751786
557430
768304
563724
559976
568288
559728
568463
791169
793359
100037315
100037383
570493
572492
568126
798613
557026
100006888
790901
100148976
795753
559145
566411
565259
100126126
100321746
100001828
795653
562720
100002225
100141331
795167
793668
795135
567621
565612
559273
561190
558525
561701
561647
557194
566118
560151
562619
100150997
567940
100004819
100001558
100148183
100310830
100332193
797538
556429
555516
792708
557353
568254
570683
562675
567242
110438919
557109
565910
100310882
100149273
556413
100333648
565838
100329779
569499
555911
565781
557893
555473
100149794
572249
560609
566671
796298
100001530
571825
570755
100005313
100884132
100330358
100000544
101886947
565756
561737
792634
100536970
567498
564832
101910198
100538072
570238
572061
100333578
101882850
101885761
30189
30281
30468
557714
30716
