NCBI Gene ID
58147
58032
64617
65088
65223
494052
81886
83412
114550
170457
798689
403044
170450
170451
170452
407735
192124
195820
259258
259257
266721
266750
266751
266752
282554
282557
565450
286833
286834
286835
317643
322485
322691
563665
798498
566347
100536659
325881
326018
567181
798001
404273
568269
555576
336069
336162
336252
336529
352938
387296
387297
387300
373879
387298
352920
352922
353151
353152
353153
353181
353180
791526
353221
353223
353222
368461
368416
368475
407639
360139
360136
368228
368264
751721
368199
373873
378719
561195
403050
563766
794401
678575
394199
394236
404209
402851
613239
792884
393608
393704
406378
405866
406588
405886
405885
402853
405774
795246
436584
402987
436744
561773
568984
570410
445193
445184
402919
402917
402920
445315
445508
447932
448841
100003852
407657
561491
568849
449864
450011
449808
335625
569032
100034412
563732
561834
794715
402812
492350
492486
492507
492520
403114
555939
100003610
799612
564348
494039
798390
503772
503864
566602
563417
503868
541315
541314
550584
798102
402857
562973
565237
101885360
553675
554606
553740
565492
567956
767745
100005675
100003848
101885196
564461
568484
793458
562469
414850
567820
569382
560268
100137117
560267
569550
555634
560100
100330960
559978
100002786
558477
100002715
100005416
100038775
558427
100000095
751659
561935
565256
566989
768183
571773
780835
559201
559976
794649
503564
100008569
561260
100037375
100037315
570493
100002108
561324
791105
503565
100001424
798375
568126
735302
735303
100073342
798613
560057
561846
100329657
790901
561540
561906
100006941
556582
798791
568467
795753
566411
560808
100334247
561898
794575
100537296
100005590
100004739
563111
560202
100001828
407651
567241
565718
100134982
796561
795653
793668
556013
570876
561701
553978
794924
559693
558248
567131
100150233
567289
561647
557194
792519
569893
566118
751784
566633
557276
100322075
799124
100150997
560081
567940
555482
100004819
100002125
568614
568807
555747
100536023
100331377
100148183
100320280
100310830
100332193
793646
797538
556429
555516
571679
100149598
100150701
100004742
792708
568254
556619
796288
100272161
570587
110438919
100332913
568406
100310882
564017
559950
795070
100538116
799741
101884890
571633
799661
100333648
565838
565781
100150764
558878
564945
100007763
571591
566922
100529086
100498669
555473
792410
100148468
100329592
566888
101884764
100333455
100151502
792371
569768
560609
569147
796298
100001530
795311
100006361
100332196
100007926
794698
102216338
100151267
559315
559806
556502
570100
569038
793756
100536871
100000544
100149100
565774
561406
100884159
569642
568566
100003535
571808
100003922
100535309
557511
568153
792634
100536970
567498
562111
564832
102216340
569960
798737
100002627
100535026
100333578
561989
100331428
556202
101882850
101886606
101882925
100000959
101882451
100331465
100334689
30725
30442
30717
30281
30211
30660
30667
30668
30669
30509
30670
30607
321046
30491
565074
30676
30650
30629
