NCBI Gene ID
58025
58081
58131
58022
80955
80973
114433
114401
140621
171473
561901
266794
324098
324137
794088
334932
336998
368316
368415
368909
368221
492763
403079
393356
393548
393779
402991
406304
406507
406715
406840
394065
393162
415158
431763
436933
321875
403064
449996
492468
494479
497646
503609
550597
100004133
559425
565038
571845
557507
553689
553652
570772
100034500
100034507
563527
777730
768248
751763
100037391
799608
566604
100151416
100136840
100302472
100320152
100329528
571033
100147851
100007048
796473
100332237
561535
30188
30222
30637
30733
30590
