NCBI Gene ID
57934
57935
100008009
60658
114464
192298
192335
192336
195824
561901
100535241
252849
252850
266796
286779
321453
337737
322811
563665
324307
566347
324985
325317
556103
325402
321724
327204
327277
563556
334175
335025
335110
641421
336681
563328
100002113
337583
337690
558942
368907
359839
359840
541406
373080
570216
378966
386701
386787
386807
387260
393945
403125
394110
393902
393386
393551
393398
406342
405821
406757
393935
415141
415163
436772
436799
791986
436636
449655
450017
492695
492459
403014
494039
108179059
494477
494478
548346
573266
100333043
553767
553691
554127
554130
554157
337572
560927
562838
571317
561117
100318854
100151255
556734
767729
573122
100334918
561525
562473
550458
559502
564266
100001836
563429
561612
100003139
100004566
573216
100286774
100004793
561469
100536533
100005026
566325
558552
557797
563715
100538038
100332237
571584
100538220
100331428
30695
321046
30491
565074
