NCBI Gene ID
30068
79378
566065
559656
334561
334644
566863
335799
100006589
386801
386951
404036
393105
394140
393455
393539
393618
393622
393839
402994
406358
406421
100000859
405800
406803
406829
393174
394190
393197
394131
572335
431754
436603
436833
436840
436918
556815
445175
447855
447860
447868
449545
450052
450073
449662
449821
492477
494099
541405
541344
550370
550422
550521
324778
565760
567157
566367
100170781
767748
554105
553204
553653
573990
449925
555308
619259
563203
559933
402827
566742
100037349
100003383
793906
556228
100093708
560486
565385
571388
563654
794545
100004228
562105
558601
100332270
563178
100329471
30553
