NCBI Gene ID
58100
65225
65236
114401
245701
245702
321453
322425
557176
100333016
100002263
564921
323929
321564
324254
562194
100330617
321622
324985
794088
566559
326974
327007
321807
554561
792689
334571
334911
336116
795095
336632
559281
336789
337167
563328
368415
368883
360144
541406
373114
378866
378972
399480
404211
393268
394174
393405
393584
393998
393902
393362
393846
393702
403000
406311
406349
406452
406466
406582
406645
406728
406843
393202
100000252
393885
394044
393285
415193
403036
436886
437002
494180
445076
402895
445289
448859
553788
449660
563181
795933
553460
492808
555521
564064
559106
100317924
564088
548346
559564
550513
550537
550552
550585
792229
550286
560549
573492
554140
553551
553656
571294
572060
563147
407686
570772
567680
641330
569698
692289
558314
556756
767660
768202
768177
407723
566010
569298
571897
100149388
567611
570568
562596
100000325
558848
570965
558696
562720
100002225
571352
100170793
797150
572001
572074
100329702
100149925
566914
557109
791223
100149273
393838
100000896
793200
100149794
100007048
100536317
100332642
100150844
100329897
564072
100332174
561737
560455
101910198
571581
100329304
100000277
100005732
100330105
30262
30380
30716
