NCBI Gene ID
58073
58072
796322
58023
60632
80972
114433
192335
245701
245702
245699
245700
286779
557176
564989
100002263
799566
324140
324254
100330617
324863
794088
566559
327294
792689
334550
334749
335025
336619
559281
337167
337583
337670
338219
563708
368415
368907
359839
359840
359837
360144
378866
378972
399480
399488
404211
100006041
79380
393287
394174
394110
393953
100006675
393533
393702
393750
403000
406308
406311
406336
406349
406411
406471
791563
798071
406659
406728
393935
100000252
393208
415235
436799
445155
445028
403065
445289
446167
449655
563181
100537196
492361
323630
493609
493617
108179059
497384
405785
449937
541523
541544
550537
550286
560549
568518
553597
573492
553656
554167
565714
568191
678628
558422
561703
557447
553214
556087
559391
751644
777728
768202
768177
562137
777634
567746
556286
100009657
570568
100000325
560032
563560
558848
565677
100002225
799099
100170793
797250
570077
569420
100148840
572074
100003514
100329702
557882
797213
561670
100003877
557109
571285
562032
562995
100149794
100333504
100537790
100332722
557634
561737
560455
555584
101910198
100329656
100536950
100538220
100537865
30262
30738
30283
30123
30127
30308
30128
30105
30380
30363
30364
557384
30366
30369
30370
565921
30412
30171
30144
30716
30654
