NCBI Gene ID
58118
100005469
58122
58100
58133
58129
570435
64256
64274
65089
65090
570240
79379
114433
114462
114401
114407
114408
117506
117604
142986
245701
245702
245699
245700
561901
100535241
252849
252850
260303
286830
286831
286832
322473
557176
323182
100002263
799532
323561
323588
799566
564921
324140
324215
324254
100330617
794088
100333318
553700
325675
558154
474349
327204
327263
563556
792689
334613
323055
335195
335269
335655
335656
322060
322104
336471
336610
336619
559281
337158
337167
570956
321212
567110
321243
337838
338317
568718
352938
352940
791526
368329
368415
368461
359829
359830
360144
407639
368245
369191
559529
373102
492763
373082
373878
373881
570216
378727
100006516
386635
378478
378480
100007677
565155
445118
386590
378866
378972
386705
386787
386966
386825
399480
399487
403125
403049
404211
404231
79380
393287
394174
394012
394038
393569
394155
393702
393719
393733
403000
406308
406311
406349
405816
406419
406443
406473
406483
406514
406548
406582
406598
406604
406610
406685
406715
406728
406796
393100
100000252
573207
393141
393885
394013
407737
405769
431720
436710
436670
436673
562460
100034402
566796
445028
445184
445289
402862
415099
449548
554230
494151
449996
558810
100150664
493781
557208
563181
492811
403026
493609
493617
799612
544664
566708
494532
494456
494455
494454
497384
100005852
497639
503594
503730
503763
563180
503893
541320
541370
541475
541523
541530
544667
100331874
550516
550537
550585
550256
550286
560549
565038
553609
553699
553656
432385
564112
497629
100535003
570772
445380
100002802
567956
559630
564770
569971
100049705
562838
692065
567905
100006460
100034507
571317
558477
100144562
558958
100318854
100151255
724048
553214
556734
751792
767790
559050
777730
768202
571773
567134
777612
100331892
560840
571965
790931
790919
100004455
570643
100536295
791169
562813
791152
556286
555578
735295
553179
553181
101883614
799608
564523
100007897
100006255
569755
567771
556874
100001424
564338
561846
100151416
100101638
553355
561370
553354
678512
566032
565849
403045
556410
100005049
567175
563560
751109
560202
564266
100001836
556752
560564
407651
100134935
100135755
793920
100134973
493181
100004617
563429
100002225
100141346
796604
100144554
100170785
100190951
798233
100007047
337767
554269
100319849
572074
100000750
557882
561670
555516
792708
407685
557109
796780
100331581
797361
565910
100332205
570868
100536533
100535766
100270759
100188894
795602
566325
797491
100499533
572348
554270
554268
100001644
562282
571050
567928
100149794
101884764
100007048
101885082
794698
102216338
100332237
100005981
100885851
101885552
101886666
101886947
101883508
101101687
565756
561737
558752
560455
559392
100149028
101910198
100538072
796490
100331906
557468
100001810
100190920
100334678
100002479
100009639
30037
30262
30546
30298
30738
30280
30188
30222
30549
30223
562496
30705
30512
30121
30256
30307
100000160
30560
30637
30686
30380
30270
386856
793011
30234
30590
30682
30716
30747
30689
30218
30538
30591
30573
30296
30654
30519
30710
