NCBI Gene ID
57934
57935
58081
58122
58100
58131
58133
58022
550475
561006
65225
65236
114401
114466
140621
195816
195815
321453
557176
323099
100002263
564921
558237
321564
324818
560788
321807
557526
335495
335916
565588
368704
360144
373080
373102
373118
492763
373107
373108
373110
373125
246726
373114
373130
555703
378972
100007906
394198
399480
404211
393287
394174
393417
393317
393548
393398
403000
402991
406304
406311
406463
406471
406507
406514
406645
406728
406768
100000252
415158
431763
436866
436904
445289
403064
415099
450022
563181
497646
503609
405785
541374
541530
559564
445091
550286
560549
562585
559425
100002293
553551
553656
553634
554157
563053
554167
337572
570772
553383
569698
556486
565106
100034500
768202
768248
573122
570425
751763
569298
735295
560883
561924
100149388
567611
794666
562317
566604
557302
567460
558045
556410
563560
564295
100148503
100135062
562720
100002225
567333
100190951
571033
100002454
573216
557109
100149273
100149794
100007048
100004261
565756
561737
101910198
570238
30546
30380
30270
30590
30716
30196
