NCBI Gene ID
30068
58081
569250
114433
245701
245702
245699
245700
557176
100002263
799566
324254
100330617
100333318
553700
566559
335232
335799
559281
337167
338317
100006516
378972
404211
79380
394174
393405
393998
393702
406311
406349
406440
406514
406821
406840
100000252
573207
393285
568726
436740
436905
436933
100005761
494180
445076
445289
415099
564719
493617
560140
564064
494532
503609
541523
550516
550537
550270
550286
560549
553656
563147
567680
570652
678619
557902
751715
570761
768121
777612
563724
791169
557026
797132
100148976
568316
556410
558848
562602
567969
553418
402830
100170793
100170795
571540
572001
562619
572074
565910
569499
562316
100149794
571825
100329897
101886947
565756
100332174
561737
560455
101910198
100538072
30262
30738
30380
557037
30590
30296
