NCBI Gene ID
58114
58071
64272
64269
64267
64273
64612
64613
64614
64615
64616
64609
64610
64611
114457
114410
170581
245703
260440
322549
324244
326962
326975
322013
335751
335774
336118
568265
557348
353247
403310
373076
559964
564379
386711
323659
393614
393478
393776
393793
406359
406437
393940
393908
408256
403311
415209
415253
415175
436768
436925
436930
436968
447942
100038781
561434
558806
541376
550428
567212
554101
554103
554154
574004
553489
560561
554532
566723
405791
797199
565158
100535196
677750
678560
100034580
100034540
568671
569480
568463
100037383
792983
100126126
795135
556638
562422
795492
559015
570683
569855
564883
100331199
100150428
100002384
100003278
100003329
100003220
100331116
797409
794222
100537244
100535363
571193
100333064
101885761
30468
30616
