NCBI Gene ID
58032
570218
114550
170581
192322
317747
322485
322509
322909
798498
561635
326825
321808
327301
327379
333938
571753
334571
334597
100005075
569510
336333
406660
321442
561431
352922
403310
555454
100001532
100003223
360144
368266
368217
336121
559964
399480
100006041
393953
394005
393998
100006675
393783
406370
406411
406493
405866
406659
406728
406739
407980
403311
568726
436744
436622
436966
445076
403065
445508
556591
449707
450006
798632
445393
564719
559087
563181
492576
492486
493613
403114
555939
555521
403063
564064
497384
563953
503589
541398
550420
550561
562585
554168
563147
641423
405791
321070
570652
560653
557902
569550
560100
557983
407700
563724
571738
568554
402802
565268
100149388
567611
794666
570244
557026
571031
100148976
794575
100321746
566313
100002225
566430
100144561
569376
558685
561701
567131
566118
560151
100332055
570108
100322075
562619
100003514
568614
100150304
100148183
557353
570683
557109
100329779
569499
555911
563011
571591
566080
798583
100333455
571825
100150844
100331961
556502
570100
100149100
561406
566845
562455
100330875
100334610
101885585
798864
565386
100535807
100331745
30716
30554
