NCBI Gene ID
30584
30769
30770
60309
64256
65234
80353
80354
80959
541394
114447
114402
114377
114378
795902
569360
117506
140747
142986
266749
266983
317747
557176
562273
100002263
321496
324416
324910
562195
325034
325084
325085
325938
100002155
327204
327650
567479
333979
334628
565658
566572
336060
336421
336839
561433
561295
557316
561747
562064
568718
352944
373867
353246
799354
360144
556123
561685
373103
557926
373872
570216
403050
553412
386705
399480
404211
100006041
394174
393569
393426
393946
393543
403001
403000
406272
406311
405898
406411
406493
406659
393972
100000252
414272
402973
415151
405780
431769
437027
436815
436924
563989
445208
445235
445098
445289
557456
447814
494151
450006
449660
100150664
567874
570677
561772
571101
555788
565021
494130
497384
561012
561440
541550
550286
570262
544658
799945
553130
554232
553656
553785
574422
553410
791855
100170824
550436
321070
562838
553414
568191
100006460
561567
100002445
557360
556734
556198
557567
558065
768202
735292
565241
566821
567746
558502
793359
555737
567422
562822
555655
792828
572261
571031
562176
100006888
570841
564584
561682
799734
100003558
795167
561895
564462
100333657
566274
102725535
567064
564337
557912
100005538
564822
561285
557882
100334953
100149664
570222
557109
794574
569075
568454
100329779
555957
566739
100000720
798555
101882194
566869
572411
101885039
100534852
102725536
561146
100333254
562455
561737
100000009
569090
556003
100333323
562398
102725537
795761
101887082
101882925
30269
30223
30189
30123
30444
30656
30105
30225
30634
30380
30192
30227
565921
30716
30313
30688
30689
30691
30218
30219
30642
30654
30250
30742
30266
30267
