NCBI Gene ID
58066
58092
60658
64604
83908
114424
114462
117508
117509
140421
140423
798565
192322
326283
321449
322425
322509
323588
324254
561635
326825
321808
327379
327650
335232
335655
335656
100005075
569510
322104
336333
406660
336421
337838
100001532
360144
368217
336121
378972
399480
404036
393268
393946
393998
393846
393719
406349
406440
406466
406483
406598
406604
406728
406796
568726
436710
436905
436670
436673
445076
445028
445289
798771
449707
561350
449660
564719
563181
492576
492811
564064
558073
100317924
564088
541370
548346
550513
550256
550270
550286
560549
562585
567212
553609
553656
574004
432385
553489
560561
563147
565492
560578
797199
794669
570652
677750
678619
557902
568368
569480
407700
570761
561935
571106
568877
563724
568463
562813
798375
100149388
567611
794666
557026
570245
100124530
100006888
100148976
568316
794575
100136840
100126126
100321746
100002225
795135
569376
553418
558685
100170795
563654
100007047
560151
100332055
100320028
570108
562619
572074
100536023
557109
796780
100331581
797361
792928
100332205
569499
557893
100150090
100149794
100333455
100536317
571825
101886666
100537416
566845
100537244
557486
101910198
100330105
100009639
101885761
30222
30575
30498
30564
30580
30380
30716
30639
559111
