NCBI Gene ID
30584
58073
58072
57934
57935
57931
58080
58145
58092
58023
60632
80972
80959
114424
114446
117507
117604
252845
266599
326282
326283
321449
321364
324125
569065
327263
327301
571753
334373
100005014
334597
323055
335195
563421
322060
100006858
322106
336610
572549
561411
795670
494038
368723
751594
368473
100003223
359834
359837
369194
369195
368221
373107
373110
246726
378723
561963
403050
386763
386762
399487
394026
393533
393733
405816
405773
406419
406443
791563
406533
406582
324004
406685
406825
393141
393885
393169
407980
407983
405887
405796
447811
447846
447821
449548
449996
558810
323630
567674
560942
568138
564081
497638
497648
497649
503761
503763
550585
566046
565038
321937
407654
548610
553164
493624
100170824
568008
100002802
560578
565714
794669
568191
100422734
557447
568520
723994
798800
567500
556087
751760
751644
557567
751108
751763
567746
799608
555737
562822
555655
792828
100124530
562793
100136840
560032
100005049
794293
565677
561184
569420
100148840
557882
565771
100149664
100006454
792928
563884
100001644
557797
100332722
101883945
100334928
558752
559392
101882925
30222
30283
30123
30265
566470
30739
30631
30127
30180
30632
30308
30128
30105
30612
30523
30686
30363
30364
557384
30366
30369
30370
565921
30412
30171
30144
100334210
30493
30639
559111
30154
30642
30701
30654
30556
30510
30628
30741
30742
