NCBI Gene ID
100005469
561901
100535241
252849
252850
260303
286829
286830
286831
286832
565373
323561
100006427
325675
563556
334613
335269
322012
336471
337158
321212
567110
321243
369191
570216
386787
394012
394038
406548
436636
566796
403026
557221
503730
503893
541320
541475
100331874
553699
432385
445380
569971
100049705
571317
562345
563428
558958
100318854
100151255
556734
568593
570643
100536295
100009626
100006255
569755
567771
556874
553355
553354
567175
564266
100001836
556752
563429
100141346
100170785
565429
337767
798998
554269
100216326
555681
566673
563273
407685
570868
100536533
566325
797491
100499533
572348
554270
554268
567928
797357
100330801
100332237
100149028
568033
30037
562496
30234
