NCBI Gene ID
60635
81590
81592
81593
81587
114424
114417
114441
114442
445278
116993
140819
266983
282667
323919
323266
323465
323696
324096
569217
792865
565617
566572
337077
353150
368619
570216
566220
100005261
394012
573644
393466
406559
405757
436612
436897
445471
445374
562525
450023
558139
565021
556537
541474
494075
474346
559154
503893
541320
541491
550431
100004456
553785
677754
678556
100334824
799867
692273
567415
100005566
100151255
556734
751680
570830
559896
568593
791164
791140
565531
570698
555686
558326
560420
563598
561971
797651
100073332
100007758
100537676
556752
562702
100141346
100005301
100141490
556747
562183
564462
794165
100136836
557665
100270764
799432
562934
100002610
556158
100002407
569075
553515
100147967
561122
559590
793819
797491
799982
100526682
100526688
100526672
100000074
796481
100331252
557797
101885039
563715
563994
100333180
559157
100884146
100334261
793240
569386
557209
568833
794676
567620
105667211
110437809
30656
30634
30291
30194
30447
30726
30297
