NCBI Gene ID
57934
57935
58092
114424
140819
245701
245702
245699
245700
317747
326283
563633
567490
325084
327204
321836
335158
335573
559679
336839
322221
564805
321107
553341
494038
360144
373872
378478
403050
378845
378998
386966
399480
100006041
393527
393808
406411
406493
324004
405869
406659
406714
321695
394034
394056
415242
415151
405892
436586
406202
437027
445471
447930
553788
450006
100150664
407620
566841
497649
567111
541489
541491
550569
558359
552980
574422
100002928
560578
321070
794669
562838
677750
678518
567905
799867
565199
562750
567500
558333
563632
100009637
100001221
565459
562363
795167
563460
565612
559273
571256
560400
100136836
557665
556379
792928
100329779
100537012
100526682
100149130
100000074
556726
102725533
100334928
100537244
793240
100334859
101882925
30705
30265
30739
792194
30081
30523
30273
30502
30488
30428
559111
30429
30701
30592
30556
30510
30741
