NCBI Gene ID
80973
282557
100007679
325084
327650
641421
555576
322106
336421
336681
368461
100001532
360144
559529
373080
378719
378444
378478
378480
378845
386701
399480
393953
394005
393946
393998
100006675
406308
406533
406728
568726
445076
445289
564719
563181
493609
493613
564064
497384
563953
541323
550420
550286
562585
554127
553656
565638
563147
570652
557902
100125912
407700
767790
563724
573122
556286
550458
568126
100149388
567611
794666
557026
100006888
100148976
560808
403045
565459
560564
100002225
566430
569376
557194
751784
570108
562619
100003514
100150304
561670
557353
573216
100332913
568406
557109
569499
558552
571825
559806
558321
100330875
792634
796490
100535807
30380
386856
30716
30236
