NCBI Gene ID
57934
57935
65237
117507
246226
266756
317747
557176
100002263
323588
561635
325084
325675
325881
326825
327007
327301
327650
571753
334597
550487
569510
336333
336421
336471
792041
337158
337315
561747
321107
387296
100001532
100003223
360144
368266
373872
570216
494453
378972
378986
399480
404211
100006041
394174
394005
393946
393607
393998
393878
406311
406327
406411
406598
406659
406714
100000252
407980
415242
415185
405769
568726
556842
445076
447804
449707
445393
564719
559087
492576
100002318
336073
557810
564064
550420
560549
562585
402892
574422
563147
445380
321070
570652
557902
556360
558477
564565
100005700
100125912
557983
407700
556734
563724
100101464
570643
555805
555737
568653
100149388
567611
794666
557026
571031
100006888
100148976
564266
100001836
566430
569376
558685
100320305
570108
798998
562619
100004351
100150304
557353
100536533
100329779
569499
100149618
100149794
566671
571825
561406
100004299
101886666
566845
100003922
562455
100330875
100333114
561737
101910198
102216340
798864
565386
100535807
100009639
30681
30554
