NCBI Gene ID
58022
550475
65236
65237
65239
266756
557176
323099
100002263
327204
554561
335916
335994
336876
368481
360144
378972
394198
399480
403128
100534776
403136
403137
403138
403139
403147
403145
403148
403125
403126
403127
404211
393287
394174
393650
406311
406463
405811
406728
393132
100000252
494163
415185
405770
437024
445119
415099
553788
563181
100002318
557810
405785
541530
560549
445373
554167
432385
569698
562838
692289
403052
563964
101883610
101883679
403084
445410
562317
567460
798892
563560
569226
564854
562720
100002225
568951
100002946
567656
100334604
560913
100270764
100149273
563727
100536594
100149794
100003859
100885851
565756
561737
101910198
570238
105667211
30768
30681
