NCBI Gene ID
58122
114401
557176
322950
100002263
324254
333979
335409
335573
335994
337413
791526
368326
368481
368519
368438
407639
559529
369197
373102
561613
378478
378480
378972
386967
387528
399646
404211
394174
393426
393438
393314
406308
406311
406596
406712
100000252
393141
405790
556728
445073
445474
403013
449996
492497
493609
799612
562062
564348
566841
503594
567111
541493
550286
560549
565038
553656
445373
767678
619391
570772
570404
108180095
553957
553964
553971
553965
654826
445381
564149
799475
692307
100144562
445410
767790
572469
768142
100004455
556286
799608
100001424
561846
100151416
797891
561370
777651
403045
751109
100536675
560202
100332149
100329124
407651
567241
100134935
100006778
565104
100134971
100134972
100135755
793920
100134976
100134975
100134973
100135062
100136861
556903
565200
796604
100144554
100294510
565612
559273
559639
100150233
100192216
100007521
561670
557109
100270759
100188894
794053
100149794
100007048
562247
100189608
100885851
100150203
564496
561737
101910198
796490
100190920
100334678
101883301
100002479
30298
30280
30222
30307
30768
30767
30686
386856
30716
30646
