NCBI Gene ID
114466
140621
245950
557176
100002263
323818
327204
333979
335573
561747
373867
360144
373103
557926
373872
399480
404211
394174
393426
393953
100006675
406308
406311
406728
100000252
414333
415151
405790
405769
437027
436866
403065
445289
447814
563181
336073
493609
403063
497384
562011
405785
550286
559425
553615
553656
554167
574422
553965
562838
568315
797046
768248
100101460
100101461
100101464
100101654
565241
556286
735295
566604
559145
100329124
557258
100002225
795167
100004351
564337
100003514
561670
557109
794574
101886051
100148259
556413
557797
100333254
100332111
561737
100233211
30380
30716
