NCBI Gene ID
58092
58126
65236
65237
246224
266756
326283
323099
324254
335916
337413
373867
368481
359834
360144
369197
557926
565155
394198
399480
393287
406463
393202
554722
414333
415185
405790
405770
436617
562258
445474
415099
447814
569263
100002318
561772
557810
555521
503594
541530
553615
554265
569698
560578
794669
553964
553965
564951
568315
571165
100101654
790944
565241
555578
797834
561370
100002070
100134974
563560
100536675
100329124
797797
100006778
100134972
100135755
793920
100134976
100134975
562720
796604
100144554
797150
101886699
564337
792928
563884
794574
100149273
100188894
566869
799982
100004847
100334928
100885851
100150203
100333254
565756
570238
101883301
100233211
30298
30280
30680
30464
30739
30530
30307
30768
30767
555364
30486
793011
559245
30681
30458
30591
30573
30639
559111
