NCBI Gene ID
30120
58065
58066
58127
65236
65237
114467
140421
140422
140423
266756
323099
335916
335994
337413
373867
368481
368519
360144
369197
557926
386772
394198
399480
393287
406463
414333
415185
405790
445474
415099
447814
563920
100002318
561772
557810
555521
503594
541530
553615
445373
569698
553965
568315
445410
100101654
790944
565241
563306
797834
561370
563560
100536675
100329124
797797
100134971
793920
562720
796604
100144554
564337
794574
100149273
100188894
794053
567335
566869
799982
100333254
565756
570238
100537332
101883301
100233211
30141
30298
30280
30131
30307
30768
30718
794892
30681
30138
30458
