NCBI Gene ID
65236
65237
114446
266756
266749
557176
323099
100002263
325034
327263
333979
571588
335573
335916
336839
373867
360144
373103
557926
373872
373878
373881
378972
394198
399480
404211
100006041
393287
394174
393426
393651
403000
406308
406311
405898
405816
406411
406463
406582
406610
406659
406685
406728
393972
393100
100000252
393885
414333
415185
405790
431769
562460
445098
445289
415099
447814
449548
553788
558810
567874
557208
563181
100002318
561772
336073
493609
557810
555521
559154
497648
405785
541530
550452
550585
550286
560549
553615
553656
554167
574422
553957
569698
100002802
553965
677754
568315
777730
768202
100101654
790944
565241
556286
797834
559145
566032
564584
565849
563560
562720
100002225
100004351
564337
560913
557882
100334953
561670
557109
794574
100149273
556413
100188894
557072
100334750
563727
793819
566869
799982
100001644
562282
100149794
100004261
100005981
100333254
565756
561737
558752
559392
101910198
570238
100233211
30380
30681
798906
30716
30654
