NCBI Gene ID
58031
557176
323099
100002263
325179
327204
335573
335916
561747
360144
557926
378972
394198
399480
404211
393287
394174
393953
100006675
406308
406311
406463
406728
100000252
415151
405769
405764
437027
445280
445289
415099
447814
447804
563181
561772
493609
541530
550386
550286
560549
553656
562838
568315
790944
565241
556286
563441
568653
797834
559145
563560
100002225
795167
564337
557882
561670
557109
794574
556413
557072
100334750
798792
566869
100149794
100333254
565756
100329481
561737
101910198
570238
30380
30716
30654
