NCBI Gene ID
57934
57935
60635
65237
81590
81592
81593
81587
114447
445278
140747
142986
245950
266756
286739
317747
557176
100002263
323266
323696
568309
569217
327204
327650
333979
550487
336421
336617
336839
337179
322221
561747
321107
352944
373867
368619
553434
799354
570216
378966
386705
100005261
399546
404211
100006041
394174
393426
393953
573644
393946
100006675
393386
393551
406311
406397
406411
406493
406559
324004
406659
405757
406714
100000252
415242
415151
415185
436612
436897
445471
447930
562525
450006
450023
100002318
403014
557810
494075
497384
550431
550569
558359
552980
403009
100004456
561589
321070
553413
562838
677750
678556
564565
100005566
556734
567500
559896
561971
562473
797651
555805
100006888
559145
557258
100141331
100005301
795752
560400
100003514
799432
562934
553515
556413
100329779
556726
557797
563715
563994
100333180
100004299
100537244
561737
569386
557209
568833
100334859
794676
567620
100150414
110437809
30265
30681
798906
30429
30592
30741
