NCBI Gene ID
58107
60658
114462
563926
140633
798565
798689
403044
170450
170451
170452
407735
170581
192322
259257
321808
327379
327650
335655
335656
336069
322104
406660
336421
562064
337838
403310
368416
100001532
360144
368217
336121
394198
399480
406204
393953
394005
393946
393998
100006675
393504
393801
393719
393760
406483
406604
406796
573207
403311
568726
436710
436815
436670
436673
445208
445076
561350
449864
335625
564719
492811
564064
497384
541315
541370
550420
550516
550256
553609
563147
791855
550436
767745
100005675
570652
566351
557902
100125912
407700
563724
559976
568463
562813
793359
570493
100149388
567611
794666
557026
570245
100006888
100148976
100126126
100321746
565718
566430
569376
100007047
560151
553539
570108
562619
100003514
100150304
557353
563904
110438919
796780
100331581
797361
100332205
100333648
569499
100331166
555473
571825
557095
571888
569498
100330875
560875
565173
570238
100535807
30660
30667
30668
30669
