NCBI Gene ID
57934
57935
65237
494052
83908
797063
192313
81541
266756
554135
322549
323115
324254
560000
100330617
100333318
553700
325712
569589
493605
566559
559656
326962
326975
568161
321871
334032
792689
334561
100537318
321951
100005717
566863
335232
335493
335709
335751
335774
558450
562149
336118
573021
336957
337167
557348
321442
337670
322248
338219
338317
353295
555703
100006516
561963
378960
415161
564379
386981
404209
393943
394005
393998
393622
393478
393497
393675
393687
393700
393702
393703
393720
393764
393776
393781
393793
393829
393833
393821
406298
406301
406306
406308
406349
406359
406413
406440
406599
406726
573207
394151
393884
394181
415243
415253
415185
436584
568726
436762
436768
436905
436930
436931
436968
436985
573619
445042
445122
445076
445129
445028
445175
100003850
445289
445291
445500
447942
447860
447913
447914
449787
449677
555268
562738
564719
100002318
553384
796997
799716
493609
557810
564064
503714
562219
402883
541328
541331
541390
550361
550451
550516
550257
550286
567157
100005158
554100
554101
335191
554103
553775
553672
554125
573689
553660
553656
554154
555308
556538
563147
566219
569608
566723
767750
553755
570652
678619
567905
100003866
553471
559479
560653
557902
568368
558088
100125912
724048
794169
100141351
751633
570761
777728
767796
563724
791169
791133
556286
100009657
794020
100004173
100150991
557026
100148976
100003066
568316
564652
108179075
559659
100000948
564317
100141358
566430
553418
562140
403020
796720
100170795
558248
792519
562619
572074
561670
557353
571285
565910
100332034
569692
100002384
567476
569499
555911
557893
326643
798291
571825
101886947
101887155
100535363
100334610
560455
100538072
100535807
796017
100000992
100333064
30705
30380
557037
30681
30731
