NCBI Gene ID
58083
114462
140621
170581
170846
246226
246227
322732
327650
335655
335656
568269
336252
322104
336421
337838
352943
403310
368475
100001532
360144
415103
559964
399480
404730
393953
393946
393998
100006675
393801
393719
393760
406340
406483
406604
406651
406728
406796
403311
407712
436710
436670
436673
562059
445076
403065
445289
559020
559087
492811
570188
403063
564064
497384
541370
550256
550286
562585
553609
553602
553656
563147
405791
664719
664770
100038775
555941
724056
407700
562813
100149388
567611
794666
566604
100006888
570841
560808
100001828
569376
553304
561647
100007047
751784
570108
562619
100003514
567204
100004819
100331377
797538
556429
557353
570683
569528
562796
557109
796780
100331581
797361
100332205
566922
100332196
557095
559806
571888
569498
562111
798864
565386
573013
101882850
30380
30716
30554
