NCBI Gene ID
58098
65236
65237
80787
114462
798689
403044
170450
170451
170452
407735
170581
192322
266756
282554
282557
321378
100333318
553700
321808
327263
327301
327379
327650
571753
334597
335655
335656
336069
322104
406660
336421
562064
337838
338317
352935
352927
403310
368416
100001532
100003223
368217
336121
557926
373878
373881
378719
100006516
378972
394198
404730
393953
393946
394099
393998
100006675
393801
393719
393760
405816
406483
406514
406582
406604
406610
406651
406685
406796
393100
573207
393101
393885
407980
403311
415185
436710
436815
436670
436673
565370
562460
562059
445208
445076
449548
558810
557208
100002318
492811
492467
557810
564064
497384
541370
550516
550585
550256
560549
562585
553609
563147
561372
791855
550436
569698
100002802
560194
555941
407700
553266
777612
559976
565241
791169
562813
503564
793359
570493
503565
568126
100149388
567611
794666
563459
334108
100006888
566086
566032
565849
556410
100321746
562720
569376
553304
100007047
560151
570108
562619
565563
100003514
557882
100307104
557353
569528
562796
110438919
796780
100331581
797361
565910
100332205
794574
100149273
100001644
562282
100149794
799274
100884132
557095
571888
569498
100005981
101886947
792634
100536970
567498
558752
559392
101910198
100538072
570238
30681
30384
30140
30664
30654
