NCBI Gene ID
58026
58118
58081
58100
58133
65090
570240
568668
798577
65236
65237
192322
266756
557176
100007679
323099
100002263
564921
323818
321808
327204
327321
327379
554561
333979
334571
799153
322060
335881
335916
406660
559281
336839
561747
562064
337670
321107
338219
373867
360144
368217
336121
368221
555703
373874
378972
386825
399480
404211
100006041
394101
394174
393426
394132
403000
406308
406311
406411
406463
406511
406514
406659
406666
406714
406728
406770
556443
393132
100000252
415242
415185
436815
436931
445208
445234
403065
445289
415099
570732
563181
100002318
493609
557810
100000537
494532
562011
503609
503763
541323
550270
550286
560549
553656
791855
100535003
570772
550436
569698
562838
559479
567444
777728
768202
790944
556286
558152
100009657
793359
735295
564338
567405
797834
560211
556410
100321746
557648
563560
569226
562720
100002225
560151
558635
560913
557882
100334486
561670
557109
571285
100149273
100000720
100149794
100007048
100150844
565756
100332111
561737
565173
101910198
30546
30380
30270
30681
30590
30716
30296
30654
30221
