NCBI Gene ID
58133
65236
65237
65239
114433
192322
266756
557176
322732
100002263
325084
321808
327301
327379
571753
334571
334597
100005075
406660
561747
562064
373867
100001532
100003223
368217
336121
368199
557850
561195
404211
394174
393953
393608
393998
100006675
406311
406370
100000252
407672
791696
407669
407668
407667
407980
415185
405770
568726
436815
570410
445208
445076
556591
449808
564719
559087
100002318
557810
555521
474351
474353
564064
497384
562585
563147
791855
550436
569698
570652
562469
557902
100330960
100005416
407700
563724
794649
793359
735302
100149388
567611
794666
100073342
560057
557026
100148976
560808
100321746
562720
100144561
569376
751784
560151
100332055
570108
562619
100003514
557353
100149273
799741
571633
799661
569499
571825
100150844
559806
561737
798864
565386
30546
30270
30681
30554
