NCBI Gene ID
57934
57935
58065
58066
58100
64272
64269
64267
64273
64612
64613
64614
64615
64616
64609
64610
64611
81884
114457
192302
245703
259252
260440
557176
100002263
323346
323621
564921
324254
555778
564707
325084
336348
568265
336923
337489
561747
321065
352937
799937
373867
368481
100001532
360144
492763
378972
386711
399480
567560
404211
394174
393953
393998
100006675
393633
393690
393702
403000
406311
324004
406728
393940
393202
100000252
393141
393965
393983
393246
407988
436617
566499
445222
445076
445289
447836
563288
563181
562772
564064
497384
566841
565669
567111
550582
550259
550286
560549
553656
563147
564519
566632
563942
568671
558427
100151255
407700
768202
768121
568288
555578
100037383
569040
563090
100004024
555443
564266
100001836
100002225
795135
555517
565612
559273
569376
567969
561475
797150
568001
562569
100003514
570199
557882
557109
100321338
560944
100149794
100884148
564852
100538339
570106
561737
101910198
101885761
30222
30123
30464
30265
30530
30483
30768
30612
30637
30686
30380
30468
30718
794892
30486
793011
30670
30607
30590
30716
30654
30616
