NCBI Gene ID
58100
65236
114551
117507
140819
192322
245697
245698
245699
245700
282672
556042
557176
100002263
799566
564921
323818
324254
100330617
325179
321808
327285
327301
327379
327510
571753
334167
334597
335231
335232
335409
559001
406660
559281
337167
321224
100003223
360144
368217
336121
373082
373121
378727
445118
378972
572183
399480
404211
79380
394101
394174
393444
394155
393998
393612
393702
393807
403000
406308
406311
406339
406349
406440
406473
405894
406596
406723
406728
406791
556443
100000252
393937
108179043
393285
407980
436905
436649
445234
445073
445076
445028
403065
445289
445505
403051
563181
492762
492364
493609
493617
493916
562062
403063
564064
494533
562011
563180
100001260
541523
550427
550286
560549
553656
553655
554046
563147
569698
678619
799867
568368
556236
559403
751668
570761
767685
768202
768121
565379
790919
556286
555737
797891
568316
100321746
563560
799144
562720
100002225
555974
567969
553418
100170795
560151
572001
558635
572074
100000750
557882
100007521
561670
567895
793274
557109
100149273
562402
557893
100526682
567375
100149794
569706
101883146
100329897
100332111
561737
556199
560455
101910198
30262
30738
30081
30380
30716
30654
