NCBI Gene ID
57925
58025
65236
65237
80973
114433
192295
245701
245702
266756
280649
557176
322854
100002263
327650
336421
337670
338219
368316
550434
360144
565155
378972
399480
404211
404206
393886
394174
394108
393946
393998
393956
406311
406715
406728
393223
100000252
393907
795517
415185
568726
445246
445076
403065
445289
445501
100005885
564719
100002318
557810
494046
403063
564064
550576
550258
560549
563147
562014
569698
570652
798352
557902
100049158
751740
777728
767751
768140
563724
100009657
557026
100006888
100148976
561788
562720
79079
558402
100318335
562619
100307076
100005268
557109
571285
100149273
569473
569499
100149794
571825
561737
101910198
100148604
100333151
30262
569575
30681
30716
30591
30573
30450
30702
