NCBI Gene ID
64272
64269
64267
64273
64612
64613
64614
64615
64616
64609
64610
64611
494052
114457
170581
245703
259257
322493
555778
100333318
553700
565842
100148002
336281
562064
338317
403310
100001532
100006516
559964
393953
393998
100006675
393672
406514
573207
403311
436584
568726
436815
445208
445024
445076
335625
564719
493613
550457
564064
497384
563953
541315
541398
550516
553281
563147
791855
550436
405791
570652
664687
570401
557902
563393
407700
100000095
751668
777612
563724
799647
102659287
568463
791169
568554
793359
100037383
794666
557026
790901
100148976
563352
556410
100126126
100141331
569376
570108
562619
100003514
100004946
571679
100149598
557353
570683
100321338
565910
100006625
569499
570138
100007763
798583
555473
571825
100329706
569038
101886947
101885585
100538072
568363
30262
30711
30712
30721
30468
