NCBI Gene ID
65236
65237
259252
266756
317733
317734
322493
557176
322950
100002263
323818
325084
335409
791526
368481
360144
369197
378972
394198
399480
399692
404211
394174
406308
406311
406596
406728
100000252
415185
402987
445073
402917
402920
445289
445474
415099
563181
100002318
792160
493609
557810
799612
562062
494532
562011
550286
560549
565038
553656
767678
569698
678604
751668
768142
791130
556286
799608
561846
797891
407651
100136861
556903
562720
100002225
559639
557882
100007521
561670
100331628
557109
100149273
100149794
100333821
565756
100332111
561737
101910198
570238
30262
30298
30222
30307
30768
30767
30380
30681
30716
30384
30296
30654
