NCBI Gene ID
58032
60658
65236
65237
114462
266756
322509
557176
323099
100002263
323561
323818
321378
325084
100333318
553700
325675
558154
327650
100006896
335655
335656
335916
322104
336421
336471
337158
337179
337838
338317
100001532
359834
360144
100006516
378478
378972
387293
394198
399480
403049
404036
404211
394174
792884
393946
394099
393998
393801
393719
393760
406308
406311
406397
406463
406483
406514
406604
406728
406796
100000252
573207
415185
568726
436710
436670
436673
445232
445076
445289
415099
564719
563181
100002318
492811
493609
557810
564064
497384
562011
100034592
562625
503864
566602
563417
541370
550516
550256
550286
560549
553609
553656
563147
569698
560578
570652
557902
403052
407700
553266
777612
563724
791169
562813
100008569
556286
555737
557026
100006888
553355
553354
678512
100148976
556410
562720
100002225
569376
568951
794924
563654
100007047
562619
554269
560081
560913
561670
557353
796288
557109
796780
100331581
797361
565910
792928
563884
100332205
100149273
100535766
569499
554270
554268
100498669
100149794
566888
100332929
571825
100334928
101885552
101886947
565756
100332111
561737
101910198
100538072
570238
30442
30739
30380
30681
30682
30716
30639
