NCBI Gene ID
170581
317733
317734
557176
100002263
321378
557285
353222
403310
100001532
360144
373873
378972
559964
399480
404211
394174
393953
394099
100006675
406311
406728
100000252
403311
402987
402917
445289
557456
563181
493613
497384
563953
550286
560549
562585
553656
432385
405791
664687
560709
566351
570401
560267
100002715
407700
553266
100149388
567611
794666
570841
561898
563352
100134982
100002225
569376
570108
100003514
565271
570683
563904
557109
570138
100149794
557095
571888
569498
102725536
560875
561737
101910198
568363
102725537
30380
30716
