NCBI Gene ID
65236
323099
324254
555778
560000
559656
557526
321871
333979
334561
566863
335159
335232
335409
559281
353221
378727
445118
378972
393287
393426
393622
406440
406463
406471
406473
406596
406821
393285
436740
436617
436905
436636
445175
100149042
415099
447860
449677
100034412
563298
564348
555521
560140
563180
405785
541530
550361
550537
560549
567157
554167
555308
569698
678619
558088
556236
751715
570761
790944
790919
555578
100037357
797834
568316
563560
564295
567241
562720
562602
553418
100170795
100150233
572001
572074
100000750
100321338
100149273
100149794
100329897
565756
101910198
30298
30464
30530
30281
30307
30767
557714
30486
793011
