NCBI Gene ID
63999
64272
64269
64267
64273
64612
64613
64614
64615
64616
64609
64610
64611
80374
114457
170581
192322
245703
322485
100333318
553700
325609
321808
327379
335654
100005075
406660
321442
562064
338317
353152
353221
403310
100001532
368217
336121
100006516
378746
559964
387260
387529
393953
393460
393998
100006675
393802
406514
573207
403311
431720
568726
436679
436745
436815
561866
445208
445076
564719
100034412
493613
564064
497384
563953
550516
550270
562585
402892
563147
791855
550436
405791
570652
566351
560653
557902
568368
407700
557430
768304
777612
563724
793249
791169
791176
793359
100037383
100149388
567611
794666
569398
565287
799704
557026
100148976
794575
556410
100321746
557123
100144566
561190
558525
569376
560151
100332055
570108
562619
553532
100003514
557353
570683
563904
565910
569499
555911
557893
100333455
566671
571825
571888
571330
101886947
560875
557337
563363
100538072
101882608
555945
794026
30468
100008101
