NCBI Gene ID
494052
192322
282672
322493
323107
799532
555778
560000
100333318
553700
100003080
321808
327165
327379
327453
321871
321974
335231
335232
336198
406660
553465
562064
338317
100001532
368217
336121
373082
557926
378727
100006516
445118
378972
572183
335817
572733
393444
394155
393998
406428
406440
406473
406514
406702
573207
393937
436584
436747
436815
436905
436672
445208
445076
445094
445505
447836
447814
403051
449677
493916
563298
564064
566841
567111
563180
550361
550516
550259
560549
562585
562973
565237
553655
554046
563147
791855
550436
678619
557902
558088
556236
559403
407700
751668
570761
768121
565379
563724
790919
565241
791169
793359
100149388
567611
794666
100126142
797132
568316
556410
100321746
567919
562705
565612
559273
569376
567969
553418
100170795
560151
570108
564337
568001
572074
100000750
557353
100321338
565910
560944
794574
562402
100149794
569706
101886947
570106
556199
101910198
100538072
557714
30496
30497
