NCBI Gene ID
58032
114550
170581
192322
259257
322485
565980
321808
327379
327650
334289
335821
406660
336421
321442
403310
100001532
368217
336121
557926
559964
393946
393608
393998
405866
406645
573207
403311
405786
570410
445076
447814
335625
567051
564064
541315
550420
550516
562585
402892
563147
405791
570652
562469
560653
569550
100005416
100125912
407700
565241
568554
569298
100037315
100149388
567611
794666
560057
100006888
794575
100321746
569376
558248
557194
792519
560151
570108
562619
100150997
564337
100150304
100148183
557353
570683
564465
100536162
794574
563744
559284
565838
555911
798583
555473
100333455
566671
101883995
564522
100330875
