NCBI Gene ID
58081
58022
65236
65237
114551
797063
140621
140614
140815
245699
245700
266756
322549
557176
100002263
321564
325712
493605
326962
326975
321807
557526
327204
100537318
321951
335232
335409
335751
335774
335916
562149
336118
573021
559281
336839
557348
359834
555703
378972
564379
394198
404211
393943
394174
393478
393497
393687
393700
393703
393720
393764
393776
393781
393793
393829
393821
406298
406306
406311
406359
406413
406440
406471
406514
406596
406726
406821
100000252
393884
393285
415243
415253
415158
415185
405770
436740
436762
436768
436905
436930
436968
573619
445042
445122
445129
445291
445500
415099
447942
447913
100002318
796997
557810
563298
564348
560140
503609
562219
405785
541328
541331
541390
548341
559564
550451
560549
559425
554100
554101
554103
553672
554119
554125
573689
553551
553660
553634
554154
554167
556538
566723
569698
562838
678619
100034500
560194
798052
751715
570761
768248
555578
735295
561924
566604
100003066
568316
556410
563560
564295
567241
100135755
562720
562602
100170795
100150233
100190951
100002946
572001
572074
557882
793274
563884
100149273
100332034
100002384
100536594
100149794
100003859
100885851
100331274
565756
561737
100535363
101910198
100330031
570238
100000992
100333064
30262
557714
557037
793011
30681
30664
30654
