NCBI Gene ID
65236
140819
245699
245700
322485
322493
557176
323099
100002263
799532
324254
555778
324487
560000
794088
100333318
553700
327285
327301
571753
321871
333979
334571
334597
335232
335409
100005075
559281
337670
337685
321065
338219
338317
555906
368415
100003223
373082
378727
445118
378972
404211
394174
393426
393953
393444
394155
100006675
393807
403000
406311
406349
406440
406463
406471
406473
406596
405805
100000252
573207
393285
407980
436905
436636
436649
445031
415099
403051
449677
493916
563298
555521
563180
100001260
405785
541410
548341
550361
550432
550516
560549
554119
553655
554167
449925
569698
652952
678619
799867
558088
556236
798052
568835
570761
777728
768202
768121
553512
790919
791169
100009657
567861
555737
568316
569945
563560
799144
562720
567969
553418
100170795
100332055
572001
100004228
572074
100000750
557882
793274
571285
100321338
565910
100149273
100526682
567375
100149794
101883146
100150844
100885851
101886947
565756
561737
101910198
100538072
30262
30767
30081
557714
30654
