NCBI Gene ID
561679
796322
64272
64269
64267
64273
64612
64613
64614
64615
64616
64609
64610
64611
65223
114457
245703
322412
322451
101883882
323561
100332562
325675
793301
326030
327586
555804
568794
558919
336471
337158
566537
100330523
321212
567110
321298
564123
564821
399488
394007
393606
406548
436939
436967
566499
445052
447843
565535
553530
100151009
100334431
492331
503730
504109
550419
567212
100000935
325886
553489
560561
570159
641560
797199
794479
568258
568314
692313
569480
559308
790915
558461
557498
555691
565402
100037383
100002129
569755
567771
556874
553256
555428
553355
553354
557795
555202
558137
567117
100170785
792366
100301982
554269
571468
557257
557757
100149543
100004272
100004688
560145
554270
554268
100006366
100333837
100463515
100007704
568363
100334171
100332225
562496
30468
