NCBI Gene ID
64272
64269
64267
64273
64612
64613
64614
64615
64616
64609
64610
64611
65223
114457
245703
260440
322412
322451
322481
327204
334289
568265
321107
570716
100001532
378746
387526
100006041
393953
100006675
406411
406539
406659
406714
406739
393940
415242
415170
568726
436745
436622
436952
445052
447843
564719
492487
563896
563962
497384
550419
562585
559080
100000935
325886
566075
641423
570652
562838
557902
692313
568631
568671
407700
100000095
557430
768304
777614
563724
557498
568463
571738
568554
402802
100037383
571897
100149388
567611
794666
557026
570841
100148976
100126126
795135
561190
558525
569376
567288
570108
562619
100003514
571679
100149598
557353
561618
569499
100007763
798583
571825
569038
101885761
30331
30468
