NCBI Gene ID
58118
58081
58131
58022
64278
64604
65236
793823
83908
797063
140621
798689
403044
170450
170451
170452
407735
171585
192302
192321
81541
266676
554135
322549
323346
323439
323579
323856
562365
503934
324088
324109
324254
321585
100333318
553700
436709
325712
493605
326884
326962
326975
327067
557526
327330
321898
100537318
334582
445285
334632
321947
321951
641421
335499
335709
335751
335774
335799
335836
562149
336069
336118
573021
322126
336681
336786
336957
557348
321051
322265
322269
338317
352926
368416
368882
100001532
373080
492763
555703
564379
386701
393922
393261
394001
393943
393405
394141
393941
393362
393544
393518
393478
393928
393497
393675
393846
393687
393700
393703
393720
393764
393776
393781
393793
393829
393821
326687
406298
406301
406306
406318
406359
406413
100148085
406445
406529
406599
573095
406681
406726
573207
554967
394151
393884
796450
393191
403035
407713
414929
445413
415202
415221
415243
415253
415158
415181
403011
405796
431767
436588
436762
436768
436770
436817
436862
436882
436886
436930
436968
437002
573619
445209
445033
445042
445048
445122
445129
445170
445291
445500
570363
447942
447887
447895
447909
447913
100149268
553347
449787
796997
559106
566841
100005529
503600
503609
567111
562219
564088
541328
541331
541390
548346
550451
550479
550499
550511
550516
550263
550287
100003026
569294
554099
554100
554101
335191
554103
553705
553672
554125
554127
552981
573689
553551
553660
554153
554154
556538
564370
407686
641328
567680
566723
569698
767745
100005675
553755
100034500
403015
555941
407700
569394
571106
573122
559976
555705
791169
407638
751763
798788
563648
799058
550458
100149388
567611
566604
563090
563459
334108
796803
566086
561639
100003066
566370
564295
558848
567632
562720
565612
559273
564772
569376
553418
100170793
100317899
570108
565563
100329702
558153
799461
560913
573216
562796
556181
110438919
100332913
568406
565910
100334351
100149273
100332034
560802
100002384
100330570
100006625
100329879
558552
798291
799274
100332642
101886947
100332174
100535363
100330183
556023
100538267
571581
101884977
100538072
100000277
100000992
100333064
30214
557037
30387
30388
30553
30590
