NCBI Gene ID
64278
65236
140614
798565
798689
403044
170450
170451
170452
171585
192321
260303
260440
557176
100002263
323246
394176
503934
324109
324254
321585
324525
324823
436709
326884
327067
557526
327330
100330448
327415
321898
334582
445285
321947
322068
555576
322126
568265
336786
322265
503731
322269
368416
368882
100001532
555703
378972
386772
394196
404211
393922
393261
394174
393405
393953
393941
100006675
393362
393544
393518
393846
326687
406311
406445
406529
573095
393940
100000252
393897
554967
554722
796450
394079
403035
407713
445413
415202
415221
415158
415181
403011
436862
436882
436886
437002
436638
562059
445033
447887
449864
492332
497384
559106
564088
548346
550499
550287
560549
562585
553551
554153
564370
407686
641328
567680
569698
767745
100005675
564951
414850
678641
100034473
100034500
557340
403015
497642
569210
692351
568671
407700
768182
559976
565841
563306
799058
570493
100149388
567611
794666
570245
566411
566370
569168
559270
564295
558848
562720
569376
100170793
570108
100003514
100329702
569528
110438919
793927
100149273
100331186
100333648
559096
564371
100149794
100332642
100332174
561737
564832
101910198
571581
100000277
101887082
101885923
30513
30387
30388
