NCBI Gene ID
30068
57934
57935
58081
58100
58131
60658
64278
561006
65237
65239
114401
797063
140621
140614
798689
403044
170450
170451
171585
81541
266676
266756
322425
554135
322549
322645
337737
322969
323628
564921
323865
562365
503934
321564
324254
321585
565482
324525
321383
325052
436709
325712
571621
493605
326884
326962
326975
321807
557526
327197
327204
327330
321898
334337
558883
100537318
334582
445285
321947
334749
321951
335236
559225
641421
335499
335709
335751
335774
335836
562149
336118
336159
573021
336681
336786
336957
557348
337461
322265
322269
352926
368883
368925
368215
353365
373080
492763
555703
557926
378453
100007677
378848
799355
386630
564379
386701
394235
393945
404036
393922
393952
394058
393973
393261
393268
393943
393405
777756
394141
393941
393362
393544
393518
393467
393478
393928
393635
393497
393675
393846
393687
393700
393703
393720
393757
393764
393776
393781
393793
402972
393829
393821
326687
406298
406301
406306
406359
406413
406445
406452
406466
406471
335750
406510
406514
405828
406599
405840
798071
573095
406681
406726
406753
406852
393125
554967
394151
393884
796450
393191
445413
415202
415221
415243
415253
415158
415181
415185
403011
431767
445382
436762
436768
436770
436862
436882
436886
436892
436930
436968
437002
573619
445209
445231
445033
445042
445048
445122
445129
402895
445291
445500
445408
570363
447942
447814
447895
447913
449864
449787
558071
100002318
796997
557810
562350
494085
570945
559106
100005529
503609
796461
562219
564088
405785
541328
541331
541390
548346
559564
550328
550451
550479
550489
550499
550511
550287
100003026
559425
751738
554100
554101
335191
554103
553718
553672
321744
554125
554127
552981
573689
553551
553660
554153
554154
554167
571294
556538
564370
407686
572211
570772
567680
566723
767745
100005675
553755
751729
664698
562838
100034500
403015
692289
569210
751719
767660
569394
768182
573122
407723
559976
566010
100033387
565241
555705
407638
798788
562474
557014
100037357
563648
799058
561924
550458
570493
571897
794666
566604
100006951
562596
569532
563459
334108
566086
561639
100003066
556410
560127
100145909
564295
558848
558696
567632
100170793
563654
100318899
100317899
571089
100317326
565563
564337
100270726
100329702
799461
566914
573216
110438919
100334351
794574
793912
100332034
100333648
560802
100002384
793551
100529857
558552
100007048
798291
799274
100332642
100332174
100334605
100535363
556023
101882495
571581
101884977
556873
100000277
100330105
100329711
100000992
100333064
30259
30387
30388
30681
30553
30590
30172
