NCBI Gene ID
65088
114462
321378
571344
327650
335655
335656
336252
322104
336421
565706
337838
569403
373873
569112
100151215
394077
393953
393946
394099
393998
100006675
393704
393801
393719
393760
406483
406604
406796
568726
436710
436670
436673
568984
562059
445076
569032
564719
492811
567051
564064
497384
541370
550256
553609
563147
570652
560267
557902
555941
553266
751659
560761
768183
563724
798575
562813
791145
568126
557026
100006888
100148976
561338
565259
570876
559693
100007047
566633
799124
562619
100150997
567452
100003514
100331377
557353
569528
562796
564465
100536162
796780
100331581
797361
100332205
100538116
569499
561288
566922
571825
101883995
100332196
557095
571888
569498
792634
572061
556202
