NCBI Gene ID
80787
798689
403044
170450
170451
170452
407735
170581
192322
192302
100333318
553700
321808
327301
327379
571753
334597
335916
336069
406660
562064
338317
403310
368416
100003223
368217
336121
557926
100006516
394198
404730
393953
393998
100006675
406514
406651
573207
407980
403311
436815
445208
445076
447814
449864
492346
564064
497384
550516
550270
563147
791855
550436
767745
100005675
414850
777612
559976
565241
791169
793359
570493
568126
797132
566411
556410
100321746
553304
560151
562619
564337
100003514
557353
110438919
565910
794574
100333648
100006625
100884132
101886947
792634
564832
100538072
570238
30384
