NCBI Gene ID
57934
57935
100005469
57923
65236
65237
65239
114456
142986
245950
266756
317747
557176
323099
100002263
568309
325084
327068
557526
327204
554561
334613
335158
335474
335916
336063
336504
336839
336933
100003206
337670
338219
373867
368564
360144
368266
368364
570216
378972
386705
386787
394198
399546
394243
399482
399480
403147
403145
404211
100006041
393287
394174
393550
406311
406364
406411
406463
406659
406728
406820
556443
394034
393132
100000252
394056
494163
414333
415204
415255
415151
415185
405770
437027
445234
415099
447840
553788
449831
563181
492549
100002318
561772
336073
557810
494081
798876
405785
541530
554861
560549
553615
553629
554167
553957
569698
321070
677754
562838
553493
678518
568315
556424
692289
403052
793882
556104
559941
557983
403084
556734
777728
567134
560840
571965
735292
567190
100009637
100009657
100038776
567964
100007897
571031
559145
563560
569226
564295
564854
572187
100005341
557258
562720
100002225
795167
568951
570108
100002946
571256
100004351
560913
557882
571285
100149273
556413
100329779
100537012
566869
799982
100536594
100149794
100005033
100151491
100003859
100885851
100333254
562455
565756
563976
561737
101910198
570238
100233211
30681
30654
