NCBI Gene ID
57934
57935
57923
58081
58022
60635
65236
65237
81590
81592
81593
81587
114428
114456
114466
445278
140621
266756
266749
317743
317747
322473
323099
325034
325084
325586
561894
571870
325881
326716
326825
555285
327068
557526
327204
554561
333938
333979
334633
321938
541515
767714
563056
641421
335474
335573
335916
336063
336333
336504
336550
336613
336681
336770
336839
100003206
561431
445472
555454
368461
368619
368883
561276
360144
368266
368364
373080
492763
373103
373872
570216
378845
327272
386701
387261
567402
394198
394243
399482
399480
403138
403139
403145
403148
100006041
393287
393426
573644
393609
393550
393711
406411
406463
406471
406559
406659
405757
406820
393972
394034
393132
394056
494163
415204
415255
415158
415185
415187
405770
445561
436612
436866
436897
445098
445184
445473
415099
562525
553788
450023
562188
100002318
557810
494075
503589
503609
405785
541530
554861
565267
550431
550528
100000576
403009
554127
100004456
553634
554168
554167
574422
561589
569698
567956
321070
562838
678518
678556
566547
571487
100034500
558477
556104
562750
557983
403084
556734
767738
768248
573122
563632
553407
100009637
735295
100038776
567964
550458
565268
562317
566604
567460
567536
796782
571031
797834
100001221
569779
564584
565459
563560
569226
564295
100005341
556951
562720
100141338
100002872
798233
100002946
565345
566914
100334953
566459
573216
566849
100149273
553515
100329779
100537012
100000720
563011
569358
100536594
566080
558552
100151491
100003859
794698
563994
100885851
100002190
100000526
562455
565756
563976
100537448
557209
568833
570238
562676
794676
567620
100329719
110437809
30681
