NCBI Gene ID
58100
58022
65236
65237
65239
114401
140621
266756
286830
286831
286832
323099
323588
564921
554561
327650
335994
336421
321243
368481
359834
360144
369194
369195
492763
373107
373108
570216
378972
387529
399480
403145
403125
404036
393287
393460
393946
393801
393760
403000
406463
406471
406598
393132
494163
415158
415185
405790
566796
445073
415099
447887
553788
100002318
557810
503893
405785
541320
541530
560549
553602
445373
554167
619391
570772
641328
553957
569698
569971
100049705
553965
100034500
558958
724056
403084
445410
556734
768202
566604
100073331
797834
100006888
777651
563560
100536675
569226
100003537
100329124
562720
563654
337767
567204
100007521
100270764
563884
100149273
793819
567928
100149794
100007048
101886666
565756
101910198
573013
100004988
100009639
30298
30280
30307
30768
30767
30681
573376
