NCBI Gene ID
65237
246227
266756
323099
563665
566347
554561
335573
335916
335994
336334
368481
359834
360144
369194
369195
570216
378966
394198
399480
403145
403125
404036
393953
100006675
393386
393551
406407
406463
406504
393132
494163
415185
405790
405770
436644
415099
553788
559020
100002318
403014
557810
494039
405785
100004503
445373
554167
553957
553965
403084
445410
556734
562473
797834
569226
100329124
563654
567895
563884
100188894
557797
563715
565756
570238
100331428
30298
30280
30307
30768
30681
321046
30491
565074
