NCBI Gene ID
58022
65236
65237
266756
557176
323099
565980
100002263
563665
566347
325317
327263
554561
327650
335916
335994
336421
100001532
359834
360144
369194
369195
373114
378972
394198
399480
403128
403147
403145
403125
404036
404211
393287
394174
393946
393801
393760
406311
405816
406463
406471
406582
406685
393132
100000252
393885
415185
405790
405770
445232
445088
445297
415099
449548
558810
449803
449808
100002318
492467
493613
557810
494039
563953
100034592
562625
405785
541530
550585
560549
553548
445373
554167
553957
569698
100002802
560578
553965
403052
100330960
407700
445410
768248
100101654
735295
562317
557026
100006888
100136840
563560
569226
100329124
562720
569376
568951
563654
570108
100002946
557353
792928
563884
100149273
569499
100536594
100001644
100149794
100332929
100003859
100334928
100885851
565756
561737
558752
559392
101910198
570238
100331428
30739
30681
321046
30491
565074
30639
