NCBI Gene ID
58092
58081
65236
114446
114401
192295
192321
280651
326283
557176
322854
323099
100002263
799532
555778
794088
100333318
325317
553700
797406
327067
334582
415100
568846
335916
322126
336998
795414
503731
338317
368316
550434
353246
368415
368882
359834
30093
360144
369194
369195
368241
369197
373108
557926
567006
100006516
494453
378972
394198
399480
404211
404206
393287
393886
394174
394115
393948
393604
393998
393663
406311
406353
406463
406471
406514
406529
337046
406715
406728
406757
100000252
573207
393141
393907
393162
777733
403035
407713
402973
414333
568726
436638
556842
445076
445289
403064
445474
445501
415099
554204
447814
449996
450011
403012
567931
564719
563181
561772
494046
564064
566841
497648
503609
567111
503744
558395
405785
541530
550227
550516
550576
550286
560549
565038
552997
553656
326672
554167
554305
557263
563147
562014
664768
569698
560578
794669
654826
570652
798352
563942
568315
557902
403052
751704
751740
777730
768140
768293
777612
563724
564241
565241
791169
791146
799608
561138
557026
100151416
570024
561370
560211
100148976
566370
561682
556410
563560
793920
562720
100002225
796604
100144554
555517
565612
559273
796551
568951
100192216
558402
555797
100318335
100329528
100307086
562619
564337
100334486
100270764
567895
100321338
565910
792928
563884
794574
100149273
793507
569473
569499
566869
799982
100149794
557797
571825
100004261
100334928
100885851
101886947
100333254
565756
100333114
561737
101910198
100538072
101885420
570238
30280
30117
30188
30222
30190
30527
30498
573620
30739
30531
30400
30686
30380
30590
30310
30572
30639
559111
30450
30431
