NCBI Gene ID
58081
58100
58131
58022
58113
561006
114401
140621
557176
323099
100002263
563665
799566
564921
323679
565206
323700
323702
323865
321564
324254
566347
100330617
325084
325317
321807
557526
563613
327301
554561
571753
321872
333979
334597
335396
335409
335994
337167
556399
541548
368481
100003223
368925
492763
373107
564853
378851
378972
386787
403128
403147
403145
403125
403126
404211
394049
393287
394174
393426
393565
393650
393702
402972
406288
406311
406463
406471
405835
406596
405839
406691
406775
393132
100000252
494163
407980
415150
415158
405790
405770
405769
437024
436883
445119
415099
403013
553788
494039
494133
503609
405785
541530
559564
550401
550611
560549
559425
100333043
445373
554167
554305
572211
570772
553965
550162
557055
100034500
553427
692289
403084
445410
751719
565338
768248
562867
791187
735295
562317
566604
560127
100145909
563560
100536675
569226
564295
563887
564854
100329124
564266
100001836
565200
565759
100535903
100136836
557665
100149925
100333797
798119
100149794
100007048
100885851
565774
101243556
565756
561737
101910198
100331428
30298
30280
30307
30768
30400
30715
30695
30590
321046
30491
565074
30645
