NCBI Gene ID
30678
58092
58081
58100
58131
58022
65236
65237
65239
140621
192295
195824
245950
266756
326283
557176
566947
323099
100002263
564921
325084
100333318
553700
554561
323055
568846
335195
335916
336610
337413
338317
368481
368519
359834
360144
369194
369195
368241
369197
492763
373110
246726
100006516
378972
394198
399480
399487
403147
403145
403148
403125
403126
404211
404206
393287
394174
393953
393599
100006675
393650
406308
406311
406397
406419
406463
406514
406529
406715
406728
393132
100000252
573207
393141
494163
777733
415158
415185
437024
436920
445119
403065
445289
445474
415099
553788
562260
563181
100002318
561772
493609
557810
403063
497384
566841
503609
567111
405785
541530
550516
550286
100004133
560549
559425
553656
554167
570772
569698
560578
794669
100034500
568315
692289
403052
403084
768248
777612
562867
791169
791146
556286
735295
562317
566604
557302
100151416
561370
561682
556410
563560
100536675
569226
564854
557258
562720
100002225
565200
565612
559273
568951
565429
100002946
565759
100003514
100004566
560913
100334486
561670
567895
100333797
557109
565910
792928
563884
100149273
566869
100536594
100149794
100007048
100003859
100334928
100885851
101886947
100333254
565756
561737
101910198
100538072
101885420
570238
30298
30280
30116
30188
30190
30739
30307
30768
30767
30686
30380
30681
30590
30716
559111
