NCBI Gene ID
58081
58100
58131
58022
58031
60635
81590
81592
81593
81587
445278
117604
140621
557176
323099
100002263
564921
321564
325102
321807
557526
327263
554561
323055
568846
335195
335409
322060
336610
368481
368619
360142
360144
492763
373114
378478
378972
387260
387529
399480
399487
403147
403126
404211
393287
394174
393460
573644
393650
406308
406311
405816
406419
406443
406463
406471
406559
406582
406596
324004
405757
406685
406715
406728
100000252
393141
393885
777733
415158
405790
437024
436612
436897
445119
403065
445280
445289
415099
403013
562525
449548
450023
558810
563181
493609
563298
494075
403063
561049
503609
503763
405785
541530
548341
559564
550431
550585
550286
560549
559425
100004456
553656
554167
570456
100002802
553965
678556
100034500
100034507
692289
777730
565338
768248
562867
791146
556286
555578
735295
562317
566604
567460
100151416
403045
563560
100536675
564295
564854
100002225
565200
100149925
557882
561670
100333797
557109
553515
100001644
100149794
563994
564496
565756
561737
558752
559392
557209
101910198
568833
101885420
794676
567620
110437809
30280
30222
30265
30768
30767
30686
30380
557714
793011
30590
30716
30654
30649
