NCBI Gene ID
58073
58072
58065
58066
57931
58080
100005469
58081
58146
58008
58100
58022
58023
60632
80972
80959
114446
117507
140421
140423
140621
140613
142986
192295
192335
192307
192336
192302
195824
246227
561901
100535241
252849
252850
252845
260303
286779
286830
286831
286832
557176
322811
100002263
323561
799566
564921
324254
324307
100330617
794088
100333318
325402
553700
325675
321724
560622
558154
474349
414848
327263
563556
334613
335025
335134
335269
795522
336471
336786
336839
337158
337167
337583
321212
567110
321243
795670
338317
368329
368723
368481
368415
368882
368473
368907
368488
359839
359840
359837
360142
360144
369191
559529
373116
373878
373881
570216
378478
403050
327272
378972
386762
386705
386787
386772
335817
399546
399480
403147
403126
404211
404206
393287
394174
394012
394038
394110
393998
393533
393702
406308
406311
406342
406349
405816
406471
791563
406548
406582
406610
324004
406685
406715
406728
393100
393935
100000252
573207
393882
393885
777733
403035
407713
415181
437024
436799
562460
566796
445076
445094
445119
445289
403064
402862
415099
403013
449548
449655
449996
450017
558810
559020
557208
563181
558344
792160
792398
403026
323630
493609
493633
108179059
564064
566841
564081
497638
497648
497649
503609
567111
503730
503893
405785
541320
541475
541530
100331874
550516
550585
550286
560549
565038
553767
553691
553699
553656
554167
432385
563147
100170824
445380
100002802
565714
569971
100049705
562469
568191
678604
100034507
571317
692289
561117
100005416
558958
100422734
557447
100318854
724017
724019
100151255
556734
556087
751634
751760
751644
777730
768121
768248
100331892
570643
100536295
791169
567746
556286
563306
735295
799608
100006255
569755
567771
556874
555737
562317
566604
560057
792828
100151416
553355
553354
566032
565849
403045
560032
567175
563560
100536675
564854
564266
100001836
556752
565677
563429
100002225
100141346
565200
565612
559273
796551
567969
100170785
569420
100148840
337767
559147
554269
100319849
100003139
100004566
557882
407625
561670
557353
565771
407685
557109
565910
561469
570868
100536533
566325
797491
100499533
567335
572348
554270
554268
100001644
562282
567928
100149794
100332722
100332237
100005981
101886947
565756
561737
558752
559392
100149028
101910198
100538072
101885420
100538220
562071
100329719
101882925
30037
30287
30280
30288
30188
30222
562496
30289
30283
30300
30123
30265
30127
30768
30308
30128
30105
30158
30523
30637
30380
30718
794892
30363
30364
557384
30366
30369
30370
565921
30412
30234
30590
30682
30171
30144
30716
30285
30654
30556
30510
30221
