NCBI Gene ID
58081
58022
65236
65237
65239
114462
114408
140621
192322
246227
266756
337810
322425
557176
570984
323099
100002263
563665
323588
324254
566347
325084
558154
321808
557526
327204
327321
327379
568846
335655
335656
335916
322104
336348
406660
336632
561747
337838
373867
368481
360144
368217
336121
492763
557926
378972
394198
399480
403147
403126
404211
404231
393287
393268
394174
393650
393846
393719
406311
406463
406466
406471
406483
406598
406604
324004
406728
406796
393202
100000252
573207
393141
777733
415158
415185
405769
436710
437024
436670
436673
445222
445119
445289
415099
403013
447814
447804
559020
563181
100002318
561772
492811
557810
494039
566841
497649
503609
567111
541370
541530
548346
550134
550516
550256
550286
560549
562585
559425
553609
553656
407686
641289
569698
562838
100034500
568315
100034507
692289
403052
777730
768248
777766
565241
562813
791146
792495
100149388
567611
794666
562317
566604
100151416
561682
100321746
557648
563560
100536675
564295
564854
100329124
100006778
562720
100002225
565200
565612
559273
568951
797150
100007047
560151
100002946
564337
560913
557882
101885596
557109
796780
100331581
797361
100332205
794574
100149273
566869
100536594
100149794
100003859
100885851
101886666
100333254
101101687
565756
561737
101910198
101885420
796490
570238
100330105
100331428
105667211
100004988
100009639
30298
30280
30222
30265
30307
30768
30767
30523
30686
30380
30681
30590
30682
321046
30491
565074
30716
30701
30654
30556
30510
