NCBI Gene ID
58081
58100
58131
58119
58022
65236
114401
140621
286739
557176
323099
100002263
564921
321564
321807
554561
335916
335994
368329
368481
553434
360142
368221
369197
492763
378972
394198
403128
100534776
403145
403125
404211
393287
394174
393650
406311
406463
406715
393132
100000252
494163
415158
405770
437024
445119
321875
445306
402862
445474
415099
403013
553788
449996
503609
541530
559564
560549
559425
565038
445373
570772
567151
569698
100034500
100034507
692289
445410
751756
777730
565338
768248
100334918
562867
751763
735295
799608
562317
566604
797834
561370
563560
100536675
569226
564854
793920
562720
565200
796604
100144554
565759
100149925
557882
556379
100333797
100149273
100003363
564497
100149794
100007048
100885851
565756
561737
101910198
570238
30280
30188
30222
30768
30767
30502
30590
30488
30428
30722
573376
30654
