NCBI Gene ID
100008009
58119
58101
65236
65237
114420
192297
192299
192300
192301
195819
266756
570832
337810
793529
557176
322571
560828
323099
565980
100002263
406307
323305
323365
563665
324142
566347
325618
325881
326961
327089
554561
335539
101886382
335916
335994
336550
336568
336641
336662
407690
336687
336702
336710
336712
336713
336719
336726
336727
336764
436759
336812
337007
337090
337148
337240
337315
561747
561287
373867
353246
368481
360142
360144
378478
337010
378961
378986
394198
394194
399480
100534776
403136
403137
403145
403125
403126
404211
394097
393287
394035
394166
394174
393953
100006675
393611
393386
394121
393686
393710
393723
393725
393738
393788
393818
393837
406266
406311
406327
406387
406463
406471
406485
406489
406565
406686
393132
100000252
394027
494163
402973
405888
405889
415229
415159
415168
415169
415185
415196
405770
405769
436760
437024
445038
445040
445053
445088
445102
445119
445028
415099
403013
449547
394036
553788
560657
449803
100002318
492331
557810
494039
494080
497384
405785
541530
550564
767765
100000836
553553
554141
554155
553548
445373
554167
560927
641289
557397
569698
560277
556556
677758
677743
692289
445410
735250
767742
570643
562867
567964
797834
407664
793127
794575
563560
100536675
569226
564854
100006778
100135755
797938
562720
100000341
565200
100002946
562475
565759
100003514
100333797
100149273
100270759
794635
100536594
796481
100333455
100002060
100003859
100885851
565774
101243556
565756
561737
570238
100331428
100190920
100000959
30280
30604
30768
30767
30681
321046
30491
565074
