NCBI Gene ID
58025
58081
58100
58022
65236
65237
65239
80973
114447
114462
114401
140621
140747
142986
192341
192322
245950
266756
266749
557176
323099
100002263
321496
564921
323883
324254
324466
325034
325317
327060
321808
557526
327204
327215
327237
327379
327471
554561
327650
334373
335655
335656
335916
322104
406660
336421
561747
337838
373867
368316
100007877
360144
368217
336121
492763
373103
557926
378851
378972
386705
394198
399546
399480
403145
403125
404211
393287
393279
394174
393953
393599
393946
100006675
394002
393801
393716
393719
393760
403001
406311
406349
405898
406463
406471
406483
406604
406728
406796
406816
406825
556443
393132
100000252
393162
494163
415151
415158
415185
431769
436710
436713
437027
436924
436670
436673
445234
445289
403064
415099
447935
447814
447897
553788
449846
560313
567874
563181
100002318
561772
492811
403021
493613
557810
497384
563953
503534
503609
405785
541370
541530
550415
550256
550286
560549
562585
559425
100333043
553609
553656
554167
570772
569698
562838
100034500
568315
692289
403084
767751
768248
562166
100101654
735292
565241
562813
100037357
735295
100149388
567611
794666
562317
566604
567460
100006888
561682
100321746
563560
569226
564295
563887
564854
557258
562720
100002225
795167
100007047
560151
570108
564337
100003514
560913
553453
557109
796780
100331581
797361
100332205
794574
100006147
100149273
566869
799982
100330411
100149794
100007048
100333254
101243556
565756
561737
101910198
570238
100004988
100333146
30400
30380
30681
30695
30716
