NCBI Gene ID
30120
30076
58065
58100
570435
65089
140421
140423
140634
170581
246224
259252
317733
317734
557176
100002263
799566
564921
570700
321378
324254
324340
325084
100333318
553700
558154
327373
327650
334795
100001936
335916
336421
337670
338219
338317
403310
368640
359829
359830
360144
368256
368254
369197
373108
373110
246726
100150054
100006516
378478
563972
565155
386590
378972
559964
394198
394199
399480
404211
404231
394174
393953
393946
394099
393998
100006675
393556
393493
393707
406308
406311
406343
406349
406449
406514
406728
406736
100000252
573207
393141
393156
394043
777733
403311
407737
415227
431762
568726
436607
437024
436617
436894
562059
445076
100007661
445289
445474
415099
449996
449784
564719
563920
563181
492500
493609
563298
494099
564064
494455
494454
497384
100005852
497639
550516
550286
560549
402825
553205
553656
563147
554265
570772
405791
559630
564770
493634
570652
692065
557902
555941
723997
553266
751792
777728
777612
563724
567275
791169
556286
100009657
555578
100037315
101883614
557026
798104
100006888
561906
568467
100148976
403045
556410
493181
100002225
100331939
564511
560043
558248
557194
792519
562619
100003514
100006043
568807
561670
557353
556619
570683
569528
562796
100331628
557109
571285
565910
572542
565838
569499
100149794
100007048
562155
571825
568566
101886947
565756
561737
100149852
101910198
100538072
101885420
570238
100537095
101882451
30141
30298
30222
30549
30131
30464
30530
30307
30128
30560
30767
30686
30380
557714
569575
30486
793011
30682
30716
30138
30538
30591
30573
