NCBI Gene ID
58081
58100
58022
80973
114446
117604
140621
192295
192302
557176
322811
566947
323099
100002263
323239
563665
564921
323974
566347
324404
565482
324823
553758
325084
100333318
553700
560622
557526
327204
327253
327321
100331895
321852
323055
415100
334839
334854
335195
322060
335894
335916
795522
336610
336623
336786
336839
322221
321099
563708
338317
368329
368882
368473
360144
368241
369197
100006516
386772
335817
399546
393789
394242
399480
399487
404211
404206
100006041
393886
394174
393599
393604
393998
393650
406267
406308
406311
406353
406411
406419
406443
406463
406514
406529
337046
406659
406715
406740
100000252
573207
393965
393162
777733
403035
407713
415181
405769
431718
415101
436837
436920
445076
445094
445119
445289
402862
445474
415099
554204
447857
403013
447804
449996
558344
792398
493609
567899
494039
564064
566841
497648
503609
567111
503763
541530
550455
550516
550611
550286
565038
553656
798997
563147
562838
563942
566764
100034507
767629
777730
568877
777612
100331892
791169
792495
563306
799608
566604
100151416
561370
556410
557648
564295
563887
100148503
564854
100006778
555517
565612
559273
100329528
560400
407625
565910
101886947
565756
557486
561737
100538072
792596
100331428
569259
798603
100004988
30280
30116
30188
30222
30190
30767
30637
30380
30590
321046
30491
565074
30431
