NCBI Gene ID
58065
58066
57925
58122
58129
60632
64256
114445
114425
117506
140621
140599
171473
192302
246227
561901
557176
100002263
323201
321505
559398
323818
324254
791518
324428
324724
794088
558154
678603
334932
335098
568846
100005075
336346
559281
561747
321061
373867
368329
368415
564746
100538108
360144
369194
369191
559529
260407
373102
100150054
386635
378478
378480
378866
678630
558271
386762
386787
386966
394249
399480
561754
404211
100006041
394174
393569
393953
393875
100006675
402970
406261
406267
406308
406311
406397
406411
406659
406728
556443
100000252
393141
393908
393285
431769
445234
445073
445289
403064
402862
447811
494151
100150664
559020
563181
768133
493609
569047
544664
564147
497384
556445
566841
567111
317744
323723
553189
321084
553187
541323
550548
550286
565038
100002010
554102
403009
553656
561589
570772
568996
568464
100006460
100034507
100004700
767790
558182
564127
572034
572469
568877
777629
100536295
791146
100334698
567746
556286
799608
100049157
566604
562822
555655
100151416
797132
564419
100004929
100003889
563560
564266
100001836
100136865
100002225
565612
559273
564934
569420
100190951
100332055
100329528
572001
100006303
100003514
100007521
100008445
561670
565771
557109
559627
100329779
100000720
100007048
797357
100330801
100332237
570314
565756
557486
561737
560455
565173
100149028
101885420
796490
30037
30188
30222
30223
30767
30404
30637
30686
30380
30718
794892
386856
565921
30234
30590
30682
30716
30218
30622
30659
30430
30627
100033782
