NCBI Gene ID
58081
114433
192322
245701
245702
557176
100002263
323818
324254
794088
321808
327379
568846
335654
406660
561747
562064
373867
368415
360144
368217
336121
559529
378478
378480
378972
399480
404211
394174
393953
100006675
393548
393802
402991
406304
406308
406311
406507
406728
100000252
777733
431763
436815
100034402
445208
403065
445289
563181
493609
403063
497384
562011
497646
503609
550270
550286
100004133
560549
553656
791855
550436
100034507
562749
767790
777730
791176
791146
556286
793359
100151416
403045
100321746
100002225
100144566
560151
100329528
100003514
561670
557109
100149794
100332111
561737
101910198
101885420
555945
796490
794026
30222
30637
30380
386856
30590
30716
