NCBI Gene ID
58100
64277
393938
114834
564996
192341
266749
280651
557176
100002263
564921
555778
325034
566886
558154
327204
333979
335916
336088
336839
321107
359834
360144
369194
369195
373103
378972
399480
404211
394101
394174
393426
406308
406311
405898
406602
406666
406714
406728
556443
393202
100000252
415242
431769
436713
436868
100034402
445234
403065
445289
447935
449846
100150664
567874
493781
563181
493609
403063
566841
567111
550286
560549
553656
493634
562838
678628
559569
555192
791202
556286
100151416
572173
100002225
565612
559273
797150
558635
561670
557109
100321338
563884
100149794
100329385
561737
101910198
796490
30380
30682
30716
