NCBI Gene ID
57931
58080
58092
58081
58100
65236
569360
140621
260437
326283
557176
100002263
564921
324254
327204
335916
359834
360144
369194
369195
492763
373110
246726
378478
378972
386762
394198
399480
404211
100006041
394174
393993
393548
393632
402991
406304
406308
406311
406349
406411
406507
324004
406659
406728
406845
100000252
393141
415213
415151
415158
431763
437027
100034402
445255
403065
445289
563181
492355
493609
403063
497649
497646
503609
550286
100004133
560549
553656
570772
569698
560578
794669
562838
100034500
562749
565400
751763
556286
566604
100151416
403045
562720
100002225
795167
100190951
571540
799483
557882
561670
565771
557109
792928
563884
100149273
100149794
100007048
100334928
561737
101910198
570238
30222
30265
30739
30523
30686
30380
30590
30716
30639
559111
30701
30654
30556
30510
