NCBI Gene ID
58081
58100
570435
65089
114424
114433
114833
245701
245702
557176
100002263
564921
794088
568846
368415
359829
359830
360144
368245
559529
378478
378480
378972
399480
404211
404231
394174
393548
393733
402991
406304
406311
406507
406728
100000252
777733
407737
431763
403065
445289
100150664
493781
563181
403063
494456
494455
494454
100005852
497639
497646
503609
550286
100004133
560549
553656
559630
564770
692065
567905
100034507
562749
724048
751792
767790
777730
791146
101883614
100151416
403045
100005049
560564
493181
100002225
100329528
557109
100149794
561737
101910198
101885420
796490
30222
30549
30705
30560
30637
30380
386856
30590
30716
30538
30080
