NCBI Gene ID
57931
58080
58081
58100
114424
557176
100002263
564921
794088
368415
360144
492763
378478
378972
386762
386966
399480
404211
394174
393543
393548
393632
403000
402991
406304
406308
406311
406507
324004
406728
100000252
393141
431763
403065
445289
563181
493609
403063
494532
497649
497646
503609
550286
100004133
560549
553656
562749
567500
768202
556286
100151416
403045
100002225
557882
561670
565771
567895
557109
100149794
561737
101910198
30222
30265
30523
30686
30380
30590
30716
30296
30701
30654
30556
30510
30741
