NCBI Gene ID
58073
58072
57931
58080
58081
58023
60632
80972
326102
100001615
352930
359837
386762
393533
393548
402991
406304
406507
791563
324004
431763
403042
323630
497649
497646
503609
544651
100004133
548610
565714
568191
562749
557447
556087
751644
567746
100151416
560032
565677
569420
100148840
557882
565771
100332722
30269
30189
30283
30123
30265
30631
30444
30127
30181
30632
30308
30128
30105
30225
30612
30523
30363
30364
557384
30366
30369
30370
565921
30412
30590
30171
30144
30154
30701
30654
30556
30510
