NCBI Gene ID
100005469
58081
58131
114401
140621
142986
246227
286830
286831
286832
557176
323099
100002263
323561
794088
557526
554561
334613
568846
321243
563708
368329
368415
492763
373107
373108
570216
378972
386705
404036
404035
404045
404211
393287
394174
393548
393713
402991
406304
406311
406463
406507
406715
100000252
393141
777733
415158
431763
436617
566796
445199
445119
402862
415099
559020
561930
497646
503609
503893
541320
541530
100331874
100004133
560549
570772
445380
569971
100049705
100034500
100034507
562749
558958
100151255
556734
777730
791146
555578
566604
100073331
100151416
553355
553354
563560
564295
563887
100148503
563654
337767
100329528
554269
407685
100536533
554270
554268
567928
100149794
100007048
565756
561737
101910198
101885420
30188
30222
30464
30530
30467
30686
30486
793011
30590
