NCBI Gene ID
30120
58073
58072
58065
58066
57931
58080
58081
58146
58008
58023
570435
60632
65089
80972
114433
140421
140422
140423
192307
245701
245702
259252
317733
317734
557176
100002263
323818
324109
324254
794088
415100
568846
335134
335916
368415
359829
359830
359837
360144
368245
378478
378972
386762
386966
394198
399480
404211
404231
394174
393533
393548
393733
402991
406304
406308
406311
406349
406507
791563
324004
406728
100000252
393141
777733
407737
431763
403065
445289
563288
563920
563181
323630
493609
403063
494456
494455
494454
100005852
562011
497639
497649
497646
503609
550286
100004133
560549
568518
553656
497629
564519
565714
559630
564770
568191
692065
567905
100034507
566758
562749
557447
724048
556087
751644
751792
777730
791146
567746
556286
101883614
100151416
403045
560032
100005049
493181
565677
100002225
569420
100148840
557882
561670
565771
100331628
100003877
557109
100149794
100332722
100332111
561737
101910198
101885420
570238
30141
30288
30222
30549
30283
30705
30300
30131
30121
30123
30265
30127
30256
30308
30128
30560
30105
30523
30686
30380
30718
794892
569575
30363
30364
557384
30366
30369
30370
565921
30412
30590
30171
30144
30716
30138
30538
30701
30654
30556
30510
