NCBI Gene ID
30754
58126
58100
58054
64274
140633
140815
192295
557176
100002263
323269
799566
564921
324254
353314
360144
369197
378972
399480
404211
404206
393287
394174
406308
406311
406349
406728
100000252
393141
403065
445289
445474
415099
563181
493609
403063
566708
497649
541530
550286
560549
553656
497629
751704
767809
572469
556286
563560
100002225
561670
557109
569773
100149794
563715
565756
561737
101910198
30117
30222
30680
30256
30767
555364
30523
30686
30380
30750
30716
30701
30556
30510
30415
