NCBI Gene ID
58073
58072
57934
57935
57931
58080
58092
58081
58100
58023
60632
80972
114401
192307
192313
245701
245702
79381
326283
322506
557176
323115
100002263
564921
323818
324215
324254
791518
794088
569589
321837
568161
334032
566352
568846
561747
322248
373867
353295
368415
359834
359837
360144
360149
369194
369195
378478
563972
378972
386762
399480
404211
394174
393953
100006675
393533
393556
393548
393628
393493
402970
402991
406304
406308
406311
406349
406507
791563
324004
406666
406675
406728
406736
100000252
393141
777733
431762
431763
436894
100034402
403065
445289
798259
449784
100150664
562738
493781
563181
799716
492500
323630
493609
403063
497384
562011
497649
497646
503609
550286
100004133
560549
568518
553775
553656
553169
566219
560578
565714
794669
568191
553471
100034507
562749
557447
723997
556087
751644
777730
567275
791146
567746
556286
100151416
564652
560032
565677
564317
100002225
100141358
796551
100003679
562140
403020
565366
569420
100148840
100329528
100003514
557882
561670
565771
567895
100003877
557109
792928
563884
567476
100149794
100332722
100873093
100334928
100332111
561737
101910198
101885420
30222
30283
30123
30265
30739
30127
30308
30128
30105
30523
30686
30380
30363
30364
557384
30366
30369
30370
565921
30412
30590
30171
30144
30716
30639
559111
30701
30654
30731
30556
30510
30710
