NCBI Gene ID
58129
568668
798577
322493
557176
323107
100002263
324254
555778
794088
327165
327276
321224
352940
368415
564746
360144
559529
378478
100006589
415161
378972
386966
386951
335817
572733
399480
404211
394174
406311
406339
406428
406702
406728
406791
393202
100000252
393141
393160
436747
436672
445094
445289
447836
100150664
563181
606683
566708
564147
556445
550259
550286
560549
553656
497629
664696
567905
751668
561627
558775
100002129
570579
100002225
797250
797150
100006303
568001
557109
100321338
560944
555840
100149794
570106
561737
101910198
30546
30705
30512
30256
30686
30380
386856
30590
30716
30496
30497
