NCBI Gene ID
65237
65239
266756
557176
323099
100002263
324254
794088
554561
333979
335573
335916
373867
564470
368481
368415
360144
557926
378478
378972
563509
394198
399480
403128
403147
403145
403148
403125
404211
393287
394174
393426
406311
406349
406463
406728
393202
100000252
414333
415185
405790
445289
415099
447814
564589
751677
563181
100002318
561772
557810
555521
541530
550286
560549
553615
553656
553965
568315
100101654
790944
565241
797834
560211
403045
563560
100329124
100002225
797150
564337
556379
557109
794574
566869
799982
100149794
100333254
565756
561737
101910198
570238
100007087
100233211
30298
30280
30307
30768
30767
30380
30681
30502
30488
30428
30716
