NCBI Gene ID
65236
557176
322605
100002263
799566
324109
563589
324254
324345
100330617
327204
335158
335485
335916
337167
373867
360144
559529
378478
378480
556641
378972
394198
399480
404211
394174
393953
100006675
393385
393822
393702
403000
406308
406311
406349
406424
406728
393202
100000252
394056
415151
437027
445289
447840
449831
559087
563181
492549
493609
497384
558499
798876
503933
550327
550279
550286
560549
553770
553656
553629
569698
555725
565743
562838
492483
562750
724010
767790
768202
100001552
563632
557324
556286
572492
568158
100001221
100137124
403045
560564
562720
100002225
795167
569053
797150
571256
799483
100003514
100005589
561670
100150463
557109
100000685
100149273
100149794
100005033
553380
100148835
100331649
564739
561737
101910198
796490
798864
570238
565386
563806
30380
386856
30716
30554
