NCBI Gene ID
550475
114407
192335
192336
195824
286779
321453
322811
324307
325402
321724
558154
335025
335916
337583
352944
368907
359834
359839
359840
799354
369194
369195
394198
403125
394110
406342
406801
393935
405886
405885
405790
405770
436725
436799
449655
450017
108179059
405785
544667
553767
553691
554167
570404
108180095
553965
654826
561117
790931
100004617
561268
100192217
100002946
100003139
100004566
100331628
563884
561469
563152
100536594
557797
100334296
100003859
100149404
100885851
100333821
570238
100538220
105667211
30682
30747
