NCBI Gene ID
57923
58081
58100
58131
58022
65236
65237
65239
114401
114466
140621
140614
140634
142986
192322
266756
282676
317747
322543
557176
323099
100002263
564921
323702
321564
570354
325084
321807
321808
557526
327204
327379
554561
334086
335799
335916
335994
406660
336839
562064
321107
321166
100136868
352910
373867
100001532
360144
368266
360149
368217
336121
492763
555703
557926
378848
565155
386590
558924
378966
378972
386705
387529
394198
399480
403147
403145
403148
403125
404211
100006041
393287
394174
393460
393321
393386
393650
393551
403000
406311
406397
406411
406463
406471
406514
406659
406714
335865
393132
100000252
393897
494163
415242
415158
415185
405770
437024
436815
436866
436617
436636
445208
445119
445289
415099
447814
447804
553788
558139
558071
100002318
561772
403014
557810
497384
503609
100101640
405785
541530
559564
550608
550286
560549
559425
553551
553656
553634
445373
554167
560887
791855
570772
550436
569698
321070
550162
557055
562838
100034500
568315
553427
692289
403052
557983
407700
403084
445410
767660
768202
768248
565241
561971
562473
555578
793359
555604
735295
561924
567964
556979
100149388
567611
566604
566465
100330435
559145
556410
100321746
563560
569226
564295
564854
562720
569376
568951
560151
100002946
564337
560913
557882
100270764
794574
100149273
556413
793819
100004607
566869
100536594
796481
100149794
100007048
100003859
100873093
100885851
100333254
565756
561737
101910198
570238
30298
30464
30530
30307
30767
30355
30380
30715
557037
30486
793011
30681
30590
573376
30591
30573
30654
