NCBI Gene ID
58114
57934
57935
58071
83773
114433
170581
195815
260440
286829
322485
324244
324961
563556
559788
335269
322013
568265
353247
403310
359834
369194
369195
445292
373076
570216
559964
386711
386787
394012
393998
393614
406437
393940
393908
408256
403311
415209
415175
568726
436925
445076
564719
557170
561434
564064
558806
503893
405785
541320
541376
541475
100331874
550428
567212
554167
553489
560561
563147
445380
405791
797199
569971
100049705
570652
565158
100535196
677750
678560
100034580
557902
100034540
568671
569480
100151255
556734
768287
563724
568463
556489
100006255
558212
557026
100148976
100126126
567175
564266
100001836
556752
100141346
562422
795492
557194
562619
559015
557353
570683
569855
407685
564883
563884
100331199
570868
100536533
100150428
797491
569499
100499533
100003278
100003329
100003220
572348
571825
100331116
797409
794222
100537244
571193
30148
30616
