Human NCBI Gene ID
100137049
10203
10242
10266
10267
10268
10335
10398
10672
107
108
109
111
112
113
114
115
123745
133
135
136
140465
146
147
148
157855
163688
183
185
1906
1907
1908
1909
196883
23236
23365
255189
26279
27094
27345
2767
2768
2776
2778
283748
2977
2982
2983
30814
340156
369
3708
3709
3710
3778
3779
387
391013
4627
4628
4629
4637
4638
4659
4660
4878
4879
4880
4881
4882
50487
51806
5319
5320
5321
5322
5330
5331
5332
54776
5499
5500
5501
551
552
553
5566
5567
5568
5578
5579
5580
5581
5582
5583
5588
5592
5594
5595
5604
5605
5739
5894
59
6093
64600
673
72
775
776
778
779
796
797
79784
79924
800
801
805
808
810
81579
8398
8399
84647
85366
8605
8681
9138
91807
91860
94274
9475
9826
