Human NCBI Gene ID
100532736
1030
10468
10637
130399
1387
148738
151449
1634
1874
1875
2014
2033
2200
2331
25805
25942
2615
26585
268
269
285704
3065
3066
3077
3397
3398
3399
3400
3458
353500
3547
3624
3625
3626
375387
387
392255
4052
4086
4087
4088
4089
4090
4091
4092
4093
4609
4681
4756
4838
5308
5515
5516
5518
5519
5594
5595
56963
57154
57817
5933
60436
6093
6198
6199
64388
64750
6497
6498
650
6500
652
653
654
655
656
657
658
659
6667
7018
7027
7036
7037
7040
7042
7043
7044
7046
7048
7050
7057
7124
79875
8200
83729
8454
8646
90
91
92
9241
93
9372
9611
9765
9978
