Human NCBI Gene ID
10000
100271849
10105
10242
10335
10398
10488
10672
107
108
109
111
112
113
114
115
1258
1259
134
1385
1386
1388
140
146
146850
147
148
148327
150
151
152
153
154
155
157855
163688
185
1909
1910
196883
207
208
23236
23439
23533
2626
27094
27345
2767
2768
2770
2771
2773
2776
291
292
293
2969
2977
2982
2983
340156
3630
3643
3667
3708
3709
3710
3764
3778
3779
3827
387
4205
4207
4208
4209
4624
4625
4638
4659
468
476
477
4772
4773
4775
4776
478
480
481
482
483
4846
486
487
4878
4879
488
4880
4881
4882
489
490
491
492
493
4985
5138
5139
5140
51806
5294
5330
5331
5332
5350
5499
5500
5501
5530
5532
5533
5534
5535
5581
5592
5593
5594
5595
5604
5605
572
5894
5997
6093
624
64764
6543
6546
6547
6722
7225
7408
7416
7417
7419
775
776
778
779
801
805
808
810
83447
84699
8471
85366
8654
8660
90993
91807
91860
9475
9569
9586
