Human NCBI Gene ID
100008587
100008588
100008589
100169751
100169753
100169754
100169755
100169756
100169757
100169758
100169759
100169760
100169761
100169762
100169763
100169764
100169765
100169766
100169767
100169768
100526842
100529097
100529239
10573
106631781
106632260
106632264
109864272
109864273
109864274
109864280
109864281
109864282
109910380
109910381
109910382
11222
11224
124907672
124995
140032
140801
200916
2197
219927
23521
25873
28998
29074
29088
29093
3921
4736
51021
51023
51065
51069
51073
51081
51116
51121
51187
51263
51264
51318
51373
54460
54948
55052
55168
55173
6122
6123
6124
6125
6128
6129
6130
6132
6133
6134
6135
6136
6137
6138
6139
6141
6142
6143
6144
6146
6147
6150
6152
6154
6155
6156
6157
6158
6159
6160
6161
6164
6165
6166
6167
6168
6169
6170
6171
6173
6175
6176
6181
6182
6183
6187
6188
6189
6191
6192
6193
6194
6201
6202
6203
6204
6205
6206
6207
6208
6209
6210
6217
6218
6222
6223
6224
6227
6228
6229
6230
6231
6232
6233
6234
6235
63875
63931
64928
64960
64963
64965
64968
64969
64979
64981
64983
65003
65005
65008
7311
79590
9045
9349
9553
9801
