Human NCBI Gene ID
10006
100132463
100288814
100506658
10061
10092
10093
10094
10095
10096
10097
10109
10163
102723407
10376
10381
10382
10383
10427
10454
10458
10552
10672
10686
10787
10802
10810
10972
112714
113457
114548
114609
1147
1364
1365
1366
137075
1432
147179
147945
149461
1902
2017
203068
2147
2149
2212
23118
23191
23365
2353
23562
24146
25
2534
257397
2597
26285
26999
27128
2768
283446
2846
29108
3059
3071
347688
347733
355
3551
3553
3554
356
3569
3576
3606
3654
3688
3725
375
382
387
4430
4542
4615
4627
4628
4629
4640
4641
4642
4643
4644
4645
4646
4651
4671
4690
4691
4790
4792
4793
49861
5010
5058
5062
5063
51135
51208
51807
53842
54205
55845
55930
5594
5595
55971
5599
5600
5601
5602
5603
57121
57180
5777
578
5781
581
5861
5879
5970
60
6093
6188
6300
64005
644150
644672
653857
6714
6885
7009
7082
7099
71
7100
7122
7124
7132
7186
7189
7277
7278
7280
7430
7456
7846
79784
79861
81027
81873
834
836
837
840
841
842
8440
84617
84790
8517
8717
8737
8743
8772
8795
8797
8936
8976
9069
9071
9073
9074
9075
9076
9080
9138
9170
9181
9265
9266
9267
9368
9475
9632
9826
9871
998
