Human NCBI Gene ID
100
100526794
10201
102157402
10606
107
108
10846
109
111
11164
112
113
114
115
122481
122622
124583
131870
132
144811
158
158067
159
1633
1716
196883
203
204
205
221264
221823
2272
22875
22978
2618
26289
270
271
27115
272
2766
284958
2977
2982
2983
2984
2986
2987
29922
3000
30833
318
3251
353
3614
3615
3704
374659
377841
471
4830
4831
4832
4833
4860
4881
4882
4907
50484
50808
50940
51020
51292
5136
5137
5138
5139
5140
5141
5142
5143
5144
5145
5146
5147
5148
5149
5150
5151
5152
5153
5158
5167
5169
51816
5198
5236
53343
5471
55276
55811
55821
5631
5634
56953
56985
58497
6240
6241
646625
654364
7498
84284
84618
8622
8654
8833
9060
9061
93034
953
954
955
956
957
9583
9615
