Human NCBI Gene ID
10000
10023
1019
1021
1026
1029
10297
10587
10912
11211
114112
119391
122011
1452
1499
1643
1647
1728
1855
1856
1857
1869
1870
1871
1956
196528
2002
207
208
221357
23401
2475
2535
2549
25759
2885
29117
2932
2938
2939
2940
2941
2944
2946
2947
2948
2949
2950
2952
2953
3082
3162
324
3265
3480
3481
369
3845
399694
4040
4041
4087
4088
4089
4233
4257
4258
4259
4609
4616
4780
4893
51176
51384
51412
51426
5290
5291
5293
5295
5296
5335
53358
5336
54361
55193
55274
5578
5579
5582
5594
5595
5604
5605
572
5728
57492
578
581
5894
5925
595
598
60
6198
6199
6464
653689
6595
6597
6598
6599
6601
6602
6603
6604
6605
6654
6655
673
6932
6934
7012
7015
7039
7040
7042
7043
7046
7048
71
7157
7296
7471
7472
7473
7474
7475
7476
7477
7478
7479
7480
7481
7482
7483
7484
7855
7976
80326
81029
8110
8193
8289
8312
8313
8321
8322
8323
8324
8325
8326
83439
8503
86
89780
9446
9817
