Human NCBI Gene ID
10000
100137049
10125
10235
10368
10369
10454
10746
10912
11184
11221
1147
115727
123745
1326
1386
1398
1399
1432
1435
1436
1616
1647
1649
1843
1844
1845
1846
1847
1848
1849
1850
1852
1942
1943
1944
1945
1946
1950
1956
1969
2002
2005
2064
2065
2066
2069
207
208
2122
2246
2247
2248
2249
2250
2251
2252
2253
2254
2255
2260
2261
2263
2264
2277
22800
22808
23118
2316
23162
2317
2318
2321
2322
2323
2324
2353
23542
255189
25780
26281
26291
2668
27006
27091
27092
27330
2768
283748
284
285
2872
2885
3082
3164
3265
3303
3304
3305
3310
3312
3315
3479
3480
3481
355
3551
3552
3553
3554
3556
356
3630
3643
3654
369
3725
3727
374
3791
3815
3845
3925
408
409
4137
4149
4208
4214
4215
4216
4217
4233
4254
4293
4294
4296
4609
4615
4616
468
4763
4772
4775
4790
4791
4803
4804
4893
4902
4908
4909
4914
4915
5058
5062
51135
51295
51347
51378
5154
5155
5156
5159
51701
51776
5228
5321
5494
5495
5530
5532
5533
5534
5535
5536
5566
5567
5568
5578
5579
55799
5582
5594
5595
55970
5598
5599
5600
5601
5602
5603
56034
5604
5605
5606
5607
5608
5609
5623
57551
5778
5801
5871
5879
5880
5881
5894
5906
5908
5921
5922
5923
5924
59283
59284
59285
5970
5971
5979
6195
6196
6197
6237
627
6300
6416
6654
6655
6722
673
6788
6789
6885
7010
7039
7040
7042
7043
7046
7048
7124
7132
7157
7186
7189
7422
7423
7424
773
774
775
776
777
778
7786
779
781
782
783
784
785
786
7867
80310
8074
80824
836
84451
84867
8491
8517
8550
8569
8605
8649
8681
8717
8817
8822
8823
8911
8912
8913
8986
9020
9048
9064
9175
9252
9254
9261
929
9344
93589
9448
9479
9693
994
9965
998
