Human NCBI Gene ID
10000
10488
107
108
109
111
112
112609
113
114
115
1385
1386
1387
1388
1398
1399
1432
1442
1443
148327
196883
2033
207
208
23236
2353
2475
25759
2688
2689
2690
2691
2692
2693
2767
2770
2771
2773
2776
2778
2885
2932
3265
3479
3483
3486
3667
3708
3709
3710
3717
3726
3845
399694
4214
468
4893
51738
5290
5291
5293
5295
5296
5330
5331
5332
5335
53358
5336
5449
5566
5567
5568
5578
5579
55811
5582
5594
5595
5599
5600
5601
5602
5603
5604
5605
5606
5608
5747
5894
6300
6416
6464
64764
6654
6655
6750
6751
6752
6753
6755
6772
6774
6776
6777
775
776
778
779
84699
8471
8503
8651
8660
8835
9021
90993
9564
9586
