Human NCBI Gene ID
100506742
100532726
10105
10213
10376
10381
10382
10383
10476
10488
10963
10975
11047
112714
113457
116443
116444
125965
126328
1327
1329
1337
1339
1340
1345
1346
1347
1349
1350
1351
1385
1386
1388
1432
143471
1457
1459
1460
147700
148327
1535
1536
1537
1649
170712
1958
1965
203068
2534
27089
283106
2902
2903
2904
2905
2906
291
292
293
2932
29796
317
3303
3304
3305
3309
3310
3312
341947
347688
347733
3552
3553
3569
3708
3709
3710
374291
3798
3799
3800
3831
3915
440567
4508
4509
4512
4513
4514
4519
4535
4536
4537
4538
4539
4540
4541
468
4684
4685
4688
4689
4694
4695
4696
4697
4698
4700
4701
4702
4704
4705
4706
4707
4708
4709
4710
4711
4712
4713
4714
4715
4716
4717
4718
4719
4720
4722
4723
4724
4725
4726
4728
4729
4731
4851
498
506
509
51079
513
514
515
516
517
518
51807
522
5290
5291
5293
5295
5296
539
54205
54539
5530
5532
5533
5534
5535
5566
5567
5568
5580
5594
5595
55967
5599
5600
5601
5602
5603
5621
5682
5683
5684
5685
5686
5687
5688
5689
5690
56901
5691
5692
5693
5694
5695
5700
5701
5702
5704
5705
5706
5707
5708
5709
5710
5713
5714
5715
5717
5718
5719
572
581
5879
5880
6261
6262
6263
6300
6352
6389
6390
6391
6392
64764
64837
653361
6647
712
7124
713
714
727
7277
7278
7280
729
730
731
732
733
735
7381
7384
7385
7386
7388
7416
7417
7419
774
775
776
778
779
7846
7979
79861
81027
83447
836
842
84617
84699
84701
84790
8503
857
858
859
89953
90550
90993
9167
9377
9451
9586
9861
