Human NCBI Gene ID
1017
1019
1021
1022
1026
1027
10274
1028
1029
1030
1031
1032
10393
10403
10459
10735
10744
10912
10926
10971
1111
11200
113130
114799
119504
1387
151648
157570
1647
1663
1869
1870
1871
1874
1875
2033
23047
23063
23244
23383
23594
23595
246184
25
25836
25847
25906
26271
27085
27127
2810
2932
29882
29945
3065
3066
4085
4087
4088
4089
4171
4172
4173
4174
4175
4176
4193
4609
4616
472
494551
4998
4999
5000
5001
5111
51343
51433
51434
51529
5347
545
546
5515
5516
5518
5519
5525
5526
5527
5528
5529
55869
5591
57082
5885
5925
5933
5934
595
64682
6500
6502
699
701
7027
7029
7040
7042
7043
7157
7272
7465
7529
7531
7532
7533
7534
7709
80174
81620
8243
8317
8318
8379
8454
85417
8555
8556
8697
8881
890
8900
891
894
896
898
902
90381
9088
9126
9133
9134
9184
9212
9232
9319
9587
9700
983
990
991
993
994
995
996
9978
