Human NCBI Gene ID
10000
10023
100506742
100532726
10105
102
1020
10213
102800317
10297
10313
10376
10381
10382
10383
10476
10975
11047
11211
112714
1128
1131
1133
113457
1139
1147
122011
125965
126328
1327
1329
1337
1339
1340
1345
1346
1347
1349
1350
1351
143471
1435
1452
1454
1457
1459
1460
147700
1499
1536
1537
163688
1649
170712
177
1855
1856
1857
1965
201266
203068
207
208
2081
221074
22863
22926
22943
23130
23236
23385
23401
23516
23621
2475
2535
25800
25825
2597
26100
27035
27089
27121
27123
27173
2776
283106
283375
2902
2903
2904
2905
2906
291
2915
292
293
2932
29796
29982
29985
29986
3028
30849
317
322
324
3265
3416
341947
347688
347733
348
351
355
3551
3552
3553
3569
3630
3643
3667
369
3708
3709
3710
374291
3798
3799
3800
3831
3845
4023
4035
4040
4041
4137
4217
4311
440567
441925
4508
4509
4512
4513
4514
4519
4535
4536
4537
4538
4539
4540
4541
468
4694
4695
4696
4697
4698
4700
4701
4702
4704
4705
4706
4707
4708
4709
4710
4711
4712
4713
4714
4715
4716
4717
4718
4719
4720
4722
4723
4724
4725
4726
4728
4729
4731
4790
4842
4843
487
488
489
4891
4893
498
50507
506
509
51079
51107
513
51384
514
515
516
517
518
51806
51807
522
5289
5290
5291
5293
5295
5296
5330
5331
5332
539
54205
54361
54539
5481
55062
55102
5530
5532
5533
55334
5534
5535
55626
55630
55851
5594
5595
55967
5599
5601
5602
5604
5605
5609
5610
5663
5664
5682
5683
5684
5685
5686
5687
5688
5689
5690
56901
5691
5692
5693
5694
5695
5700
5701
5702
5704
5705
5706
5707
5708
5709
5710
5713
5714
57142
5715
5717
5718
57181
5719
572
5743
5894
5970
60673
6263
637
6389
6390
6391
6392
64116
64837
6622
673
6868
7124
7132
7186
7277
7278
7280
7381
7384
7385
7386
7388
7416
7417
7419
7471
7472
7473
7474
7475
7476
7477
7478
7479
7480
7481
7482
7483
7484
7494
775
776
778
779
7846
7855
7922
7976
7979
79861
801
80326
805
808
810
81027
81029
823
824
8312
8313
8321
8322
8323
8324
8325
8326
83447
83464
836
840
8408
841
842
84617
84701
8471
84790
8503
8517
8660
8678
8772
8851
8883
89780
89953
90550
91252
9167
91860
9377
9451
9706
9776
9821
9861
