Human NCBI Gene ID
10000
100137049
100271927
10125
10156
10235
10298
10681
106821730
10928
11145
11186
1147
115727
123745
1435
1436
163688
1942
1943
1944
1945
1946
1950
1956
1969
2002
207
208
2113
2114
2246
2247
2248
2249
2250
2251
2252
2253
2254
2255
2260
2261
2263
2264
2277
22800
22808
22821
23179
2321
2322
2323
2324
25
253959
2549
255189
25759
25780
26279
26281
26291
27
27006
27040
2782
2783
2784
2785
2786
2787
2788
2790
2791
2792
2793
283455
283748
284
285
2885
2902
2903
2904
29110
30814
3082
3265
3363
3479
3480
3481
3551
356
3630
3643
3791
3815
382
3845
387
391013
399694
4233
4254
4301
4303
4763
4790
4803
4804
4893
4908
4909
4914
4915
50487
5058
5062
5063
51196
51365
51378
5154
5155
5156
5159
51764
51806
5228
5290
5291
5293
5295
5296
5319
5320
5321
5322
5335
53358
5336
5337
5338
54331
54979
5566
5567
5568
55770
5578
5579
5582
5594
5595
55970
5599
5601
5602
56034
5604
5605
56924
57144
57148
57186
572
5781
5863
5868
5869
5878
5879
5880
5881
5894
5898
5899
5900
5906
5908
5921
5922
5923
5924
59345
5966
5970
598
6237
627
64600
6464
64926
6654
6655
6789
7010
7039
7074
7422
7423
7424
7535
801
80310
8036
805
8074
808
810
81579
8315
83593
8398
8399
8437
84647
8503
8517
8605
8681
8817
8822
8823
8831
8844
91860
94235
9462
9610
9771
9846
9965
998
