Human NCBI Gene ID
10000
100310812
100505767
100996746
1017
102723555
102723849
10393
10459
105180391
107
108
109
111
112
113
114
115
119504
132864
1432
196883
207
208
22849
245711
246184
25847
25906
27330
2770
2771
2773
285955
29882
29945
3320
3326
3479
3480
3630
369
3835
3845
387778
388333
4085
4342
441272
441273
442590
51343
5140
51433
51434
51529
5241
5290
5291
5293
5295
5296
5347
5566
5567
5568
5594
5595
5599
5600
5601
5602
5603
5604
5894
6195
6196
6197
6300
64506
64682
673
6790
6793
699
729597
80315
8379
8503
85417
8697
8881
890
8900
891
9088
9133
983
993
994
995
996
