Human NCBI Gene ID
100169851
10022
100506013
100996758
10161
10203
10316
10424
10800
1081
10857
10874
10886
10888
10911
11255
1128
1129
113091
1131
1132
1133
1134
1135
1136
1137
1138
1139
1140
1141
114131
1142
1143
1144
1145
1146
116
116443
116444
117
117579
122042
122876
1241
1268
1269
129521
130574
130576
1325
133
134
134860
134864
135
136
1392
1394
1395
140
1442
1443
146
147
148
150
151
1511
152
153
154
155
160065
165829
170589
1812
1813
1814
1815
1816
183
185
186
187
1901
1902
1903
1906
1907
1908
1909
1910
200959
2147
2149
2150
2151
22953
23566
2357
2358
2359
23620
2488
2492
2550
255061
2554
2555
2556
2557
2558
2559
2560
2561
2562
2563
2564
2565
2566
2567
2568
2569
256933
2570
257313
2587
2641
2642
2688
2689
2690
2691
2692
2693
2695
2696
27334
27346
2740
2741
2742
2743
2796
2797
2798
2831
2832
2834
2837
283869
2846
2847
2859
2862
286530
2890
2891
2892
2893
2894
2895
2897
2898
2899
2900
2901
2902
2903
2904
2905
2906
2908
2911
2912
2913
2914
2915
2916
2917
2918
2922
2925
3001
3060
3061
3062
319100
3269
3274
3350
3351
3352
3354
3355
3356
3357
3358
3360
3361
3362
3363
3375
339403
344838
347148
3640
3814
3827
387129
3952
3953
3972
3973
399967
399968
4142
4157
4158
4159
4160
4161
4295
432355
4543
4544
4828
4829
4852
4886
4887
4889
4922
4923
4985
4986
4987
4988
5020
5021
5023
5024
5025
5026
5027
5028
5029
5030
5031
5032
51052
51083
51289
5173
51738
5179
5340
53637
5367
5368
53829
5443
551
552
553
5539
554
5540
55584
55879
5617
5618
56288
56413
5644
5645
5646
56923
5697
57053
57105
57152
5724
5729
5731
5732
5733
5734
5737
5739
5741
5745
5746
59340
59350
594857
6013
6019
623
624
6343
6344
64106
64111
66004
6750
6751
6752
6753
6754
6755
680
6863
6865
6866
6869
6870
6915
706
7067
7068
718
719
7200
7201
7252
7253
727
728
7349
7425
7432
7433
7434
7442
796
797
799
79924
79957
8001
80763
83551
84109
84539
84634
8484
85569
8620
8698
8811
885
886
8862
887
8973
9002
90226
9038
9127
9170
9248
9287
9294
9340
9568
9934
