Human NCBI Gene ID
10013
10014
1017
1019
1021
1026
1027
102724334
1029
1030
10379
10488
10971
11036
1108
1111
11317
114483833
121504
1232
1233
1234
1237
128312
1385
1386
1387
1388
148327
158983
1642
1654
1739
1959
1960
2033
22938
23352
23513
245972
255626
2648
27044
286436
2885
28973
2934
2957
2958
2959
2960
2961
2965
2966
2967
2968
3017
3018
3065
3066
3105
3106
3107
3133
3134
3135
3190
3249
3265
3516
3572
3661
3665
3716
3718
3725
3845
387
387332
4055
4067
4193
440689
468
4790
4791
4792
4893
51564
5290
5291
5293
5295
5296
5315
5366
54145
5423
554313
5566
5567
5568
55697
55869
5594
5595
5610
5700
572
578
581
5829
5879
5902
5922
5925
5933
5934
595
5966
5970
64764
6502
6672
6714
6722
6774
6776
6777
6850
6908
7157
718
7185
7186
7187
7188
728340
730394
7337
7419
7529
7531
7532
7533
7534
7874
79885
81
8294
8339
8340
8341
8342
8343
8344
8345
8346
8347
8348
8349
8359
836
8360
8361
8362
8363
8364
8365
8366
8367
8368
8369
8370
8379
83933
841
84699
8503
8517
85236
85477
87
8717
8841
8850
890
8900
894
896
8970
898
9093
90993
9114
9134
9261
9519
9586
9734
9759
983
991
998
