Human NCBI Gene ID
10000
100532731
10297
10336
10637
11211
130399
1432
1499
1749
1852
1855
1856
1857
207
208
2103
2247
2260
2261
2263
2264
2535
2885
2932
3175
3198
3211
3231
324
3265
3397
3398
3399
3400
3479
3480
3572
3624
3625
3626
3670
3716
3717
3718
3720
3845
388112
3976
3977
4086
4087
4088
4089
4090
4093
4211
4609
4617
463
4762
4838
4893
5013
5080
51384
5290
5291
5293
5295
5296
54361
5460
5462
55183
5594
5595
5600
5603
5604
5605
56916
5894
5978
6300
64211
648
6498
652
657
658
659
6657
6774
6926
6929
6932
7044
7471
7472
7473
7474
7475
7476
7477
7478
7479
7480
7481
7482
7483
7484
7547
7703
7855
7976
79923
7994
80326
80712
81029
8312
8313
8321
8322
8323
8324
8325
8326
83729
84108
84333
84759
8503
8820
89780
90
91
92
93
9314
9421
9869
