Human NCBI Gene ID
10000
10023
1015
1017
1026
1027
10297
1030
1045
10912
11211
122011
1452
1495
1496
1499
1643
1647
1855
1856
1857
1869
1870
1871
1950
1956
2064
207
208
2246
2247
2248
2249
2250
2251
2252
2253
2254
2255
2263
23401
2475
2535
2549
25759
26281
26291
27006
2885
29119
2932
3082
324
3265
369
3728
3845
399694
4040
4041
4087
4088
4089
4233
4292
4583
4609
4616
4893
51176
51384
51426
5243
5290
5291
5293
5295
5296
53358
54361
5594
5595
5604
5605
578
581
5894
5915
5925
595
596
6198
6199
6256
6257
6258
6464
6469
6654
6655
673
6932
6934
7012
7015
7040
7042
7043
7046
7048
7157
7471
7472
7473
7474
7475
7476
7477
7478
7479
7480
7481
7482
7483
7484
7855
7976
80326
8074
81029
8312
8313
8321
8322
8323
8324
8325
8326
83439
83998
8503
8817
8822
8823
89780
898
9134
9965
999
