Human NCBI Gene ID
100132463
100288814
100506658
10092
10093
10094
10095
10096
10097
10109
1019
10207
10376
103910
10398
10552
10627
10686
1080
11149
112714
113457
11346
123720
1364
1365
1366
137075
140465
149461
150084
153562
154796
154810
1739
1740
1741
2017
2064
23327
23370
23513
23562
24146
2626
26285
27134
3059
3308
3688
3725
387
3993
3996
4214
4217
4218
4301
4478
4627
4628
4629
4633
4637
4734
4771
49861
5010
50848
50855
5111
51208
51421
51422
51735
51762
51807
53632
53842
54566
55114
5515
5516
5518
5519
5520
5521
5522
5562
5563
5564
5565
5566
5567
5568
5571
5581
5584
55844
5590
5599
5601
5602
5609
56288
57180
57530
57826
58494
58538
5872
5879
5906
595
5962
60
6093
64398
644672
653857
6714
6794
7074
7082
71
7122
7277
7278
7408
7430
7454
776
7846
79778
79784
79861
81
81873
8189
83700
84552
84612
84790
84952
8531
861
87
8777
9069
9071
9073
9074
9075
9076
9080
909
910
911
912
913
9181
91862
9223
92359
93643
9368
9414
9475
9693
998
