Human NCBI Gene ID
10010
100101267
10013
100506742
100532726
10120
10121
10126
10133
10189
10213
10280
10376
10381
10382
10383
10452
10476
10482
10540
10671
10718
10762
10975
11047
11258
112714
11273
113457
116442
125965
126328
127602
129401
1327
1329
1337
1339
1340
1345
1346
1347
1349
1350
1351
140775
1432
143471
144983
145957
146754
147700
1537
1616
1639
1649
170712
1767
1768
1769
1770
196385
1965
201625
203068
203228
2066
2081
220988
22863
22926
23064
23130
23165
23225
23279
23435
23511
23636
2475
2521
257202
25978
25981
26100
27019
27089
2733
283
2876
2877
2878
2880
2882
2890
2891
2902
2903
2904
2905
2906
29107
29110
29796
29978
29979
29982
3084
30849
310
311
317
3178
3181
3309
341947
345456
347688
347733
348995
3710
374291
375189
3798
3799
3800
3831
400916
4217
4218
440567
440738
441925
4508
4509
4512
4513
4514
4519
4535
4536
4537
4538
4539
4540
4541
468
4686
4694
4695
4696
4697
4698
4700
4701
4702
4704
4705
4706
4707
4708
4709
4710
4711
4712
4713
4714
4715
4716
4717
4718
4719
4720
4722
4723
4724
4725
4726
4728
4729
4731
4741
4744
4747
4842
4843
4927
4928
493869
498
506
50613
5071
509
51079
51164
513
514
515
516
517
518
51807
5216
5217
522
5289
53371
539
54205
54539
55062
55102
55255
5530
5532
5533
5534
5535
55567
55626
55706
55746
55860
55916
55967
5600
56000
56001
5603
5606
5608
56171
5630
5682
5683
5684
5685
5686
5687
5688
5689
56893
5690
56901
5691
5692
5693
5694
5695
5700
5701
5702
5704
5705
5706
5707
5708
5709
5710
57122
5713
5714
5715
5717
5718
5719
572
57679
581
5861
5868
5879
5903
596
598
60
60673
6300
6311
637
6389
6390
6391
6392
6396
6428
6432
643246
64446
64837
65018
6506
6647
71
7124
7132
7133
7157
7175
7186
7277
7278
7280
728343
7381
7384
7385
7386
7388
7415
7416
7494
7802
7846
79023
79139
7979
79861
79902
80208
8021
81027
81631
81929
834
83544
836
8408
84134
842
84516
84557
84617
847
84701
84790
8480
8632
8678
8701
8878
89953
9001
90550
91181
9167
9217
9377
94026
9451
9542
9631
9688
9706
9776
9782
9818
9821
9861
9883
9896
9972
9973
