Human NCBI Gene ID
10000
10062
10488
10724
10891
10998
10999
11000
11001
133522
1374
1375
1385
148327
183
200186
207
208
22877
2308
2475
2538
2673
27330
28965
2932
2997
2998
32
3551
3569
3630
3643
3667
376497
4790
4792
4846
5105
5106
51085
51422
5170
5290
5291
5293
5295
5296
53632
5465
5499
5500
5501
5506
5507
5509
5524
5562
5563
5564
5565
5571
5579
5580
5581
5588
5590
5599
5601
5602
5728
5770
57761
5781
57818
5792
5834
5836
5837
5970
6195
6196
6197
6198
6199
64764
6513
6514
6517
6720
6774
6945
7124
7132
7376
79660
84699
8473
8503
8660
9021
90673
90993
92579
948
9586
9882
9945
