Human NCBI Gene ID
10000
10023
1019
1021
1026
10297
10683
10912
11211
122011
1452
1499
1643
1647
182
1855
1856
1857
1869
1870
1871
1950
1956
2064
207
208
2099
2100
2246
2247
2248
2249
2250
2251
2252
2253
2254
2255
2260
2324
23401
23462
23493
2353
2475
2535
25759
26281
26291
26508
27006
28514
2885
2932
324
3265
3280
3479
3480
369
3714
3725
3815
3845
388585
399694
4040
4041
4609
4616
4791
4851
4853
4854
4855
4893
51176
51384
51426
5241
5290
5291
5293
5295
5296
53358
54361
54567
5594
5595
5604
5605
5728
578
581
5894
5925
595
6198
6199
6464
6654
6655
6667
672
673
675
6932
6934
7157
7471
7472
7473
7474
7475
7476
7477
7478
7479
7480
7481
7482
7483
7484
7855
7976
80326
8074
81029
8202
8312
8313
8321
8322
8323
8324
8325
8326
83439
8503
8600
8648
8817
8822
8823
89780
9965
