Human NCBI Gene ID
10000
10018
1017
1019
1021
10213
1026
1027
102723407
10379
10454
10912
11047
11317
1147
1380
1432
1643
1647
1869
1870
1871
207
208
2208
22938
23118
23586
25942
29110
2923
29760
3065
3066
3105
3106
3107
3108
3109
3111
3112
3113
3115
3117
3118
3119
3122
3123
3125
3126
3127
3133
3134
3135
317
3280
3383
3439
3440
3441
3442
3443
3444
3445
3446
3447
3448
3449
3451
3452
3454
3455
3456
3516
355
3551
3569
3627
3654
3661
3665
3683
3716
3718
3725
377841
4067
4193
4609
4615
4616
4734
4790
4791
4792
4793
4794
4938
4939
4940
51135
51426
5290
5291
5293
5295
5296
5336
54205
5599
5600
5601
5602
5603
5606
5608
5609
5610
567
5700
5701
5702
5704
5705
5706
5707
5708
5709
5710
5713
5714
5717
5718
5719
57506
578
581
5879
5925
595
596
5970
5971
6300
637
6416
6502
6772
6773
6774
6850
6885
6890
6891
6892
695
7097
7124
7128
7157
7186
7187
7188
7189
7297
7431
7874
79685
7979
811
836
841
842
8503
8517
864
8717
8737
8772
8819
890
8900
894
896
898
9020
9134
915
916
917
919
930
953
9541
956
958
960
9612
9636
9641
965
9861
