Human NCBI Gene ID
10000
100137049
10161
102723407
10411
10554
10555
10672
107
108
109
11069
111
112
113
114
115
123745
139189
146850
1606
1607
1608
160851
1609
1759
1785
183
185
1902
1950
1956
196883
207
208
2147
2149
2185
2205
2206
2207
22800
22808
23236
23396
23533
23566
2475
2534
2549
255189
25759
26052
27128
2768
2778
283748
2846
2885
2911
2912
2913
2914
2915
2916
2917
2918
3265
3576
3577
3579
3630
3643
375
3815
382
3845
387
399694
4254
4893
5154
5155
5156
5159
5290
5291
5293
5294
5295
5296
5321
5330
5331
5332
5335
53358
5336
5337
5338
551
552
553
55326
554
5578
5594
5595
56034
5604
5605
56848
56894
56895
57121
5737
5781
5894
5898
5899
5900
6009
6237
6464
6654
6655
6850
7248
7249
80310
8394
8395
8503
8525
8526
8527
8605
8611
8612
8613
8681
8877
9162
9170
9265
9266
9267
9846
