Human NCBI Gene ID
10014
10018
100302238
100302282
100500809
100532731
100616173
1021
10253
1026
1027
1029
10297
10298
10642
11186
113130
131405
1387
1398
1399
1545
1591
1786
1788
1789
1869
1870
1871
1942
1943
1944
1945
1946
1956
2033
2064
2065
2146
2261
23405
23411
23414
2475
25
27086
27165
27250
2744
2885
3065
3066
3162
3190
3236
324
3265
3371
3551
3667
3678
3690
3845
387
3925
399694
406881
406882
406883
406884
406885
406886
406887
406888
406889
406890
406891
406892
406893
406894
406895
406896
406900
406901
406902
406903
406904
406905
406906
406907
406908
406909
406910
406911
406912
406913
406915
406916
406917
406918
406922
406923
406925
406926
406928
406933
406935
406937
406938
406942
406943
406947
406948
406949
406950
406951
406952
406953
406954
406955
406956
406957
406959
406967
406969
406970
406971
406976
406977
406978
406979
406980
406981
406982
406983
406984
406985
406986
406988
406989
406991
406992
406995
406996
406997
407006
407007
407008
407009
407010
407011
407014
407015
407016
407017
407018
407019
407020
407021
407024
407025
407026
407029
407030
407031
407032
407033
407034
407035
407036
407040
407041
407042
407043
407044
407045
407046
407047
407048
407049
407051
407053
407055
4082
4170
4193
4194
4233
4318
4325
4363
442890
442891
442898
442900
442902
442903
442904
442909
442910
442918
4609
472
4790
4851
4853
4854
4855
4893
494324
494335
5154
5155
5156
5159
5243
5268
5290
5291
5292
5293
5295
5296
5328
5335
5336
54541
554213
5578
5579
5581
5582
5594
5595
5598
5604
5605
5728
574031
5743
574411
574452
574455
574457
574461
574467
574473
574476
574484
574493
57521
578
5894
595
596
5962
599
6093
619552
63923
6464
648
6541
659
6624
6654
6655
6659
672
6768
6774
693187
693200
693210
6935
7042
7057
7078
7143
7148
7157
7168
7329
7422
7430
7431
7473
7976
8091
836
8434
8503
85414
8626
8651
8660
894
89780
898
900
90427
9134
9252
9493
960
9759
9839
993
994
995
