Human NCBI Gene ID
10000
10019
10603
10782
10818
11108
11213
1398
1399
1432
163688
207
208
2309
25
2549
25759
25970
27018
27330
2885
2889
2932
3265
3551
356
3654
3656
3667
3725
3845
387
396
397
398
399694
4145
4214
4215
4217
468
4790
4792
4793
4794
4803
4804
4893
4908
4909
4914
4915
4916
51135
5170
51806
5290
5291
5293
5295
5296
5335
53358
5336
5580
5594
5595
5598
5599
5600
5601
5602
5603
5604
5605
5607
5609
5663
5664
572
57498
5781
581
5879
5894
5906
5908
596
5970
6195
6196
6197
627
6272
6300
6464
6654
6655
673
7157
7161
7189
7531
801
805
808
810
814
815
816
817
818
8503
8767
91860
9252
9261
9500
998
