Human NCBI Gene ID
10000
10332
10379
10892
114548
1147
1263
1432
1540
163688
1959
1960
207
208
2207
22800
22808
23365
26253
29108
30835
3265
338339
3551
3553
3558
3569
3586
3592
3593
3659
3708
3709
3710
3725
3845
387
4046
4193
4772
4773
4775
4776
4790
4791
4792
4893
5058
51266
51561
51806
5290
5291
5293
5295
5296
53342
5336
5530
5532
5533
5534
5535
5580
5594
5595
5599
5600
5601
5602
5603
5743
5781
5894
5970
5971
602
6237
6300
6361
6367
64170
64581
6714
6772
6773
6850
7124
801
805
808
810
834
841
8503
8517
868
8844
8915
9020
91860
9261
93978
9641
