Human NCBI Gene ID
10000
10325
10542
10641
10670
107080638
11211
1147
127124
153129
1855
1856
1857
1975
1977
1978
201163
207
208
220441
23175
245973
2475
253260
253314
2535
27330
2885
2887
28956
2932
3265
3479
3480
3551
3630
3643
3667
3845
387
389541
4040
4041
4893
51256
51382
51384
51606
5170
51719
523
525
526
528
529
5290
5291
5293
5295
5296
534
54361
54468
54541
55004
55437
55615
5562
5563
5578
5579
5582
5594
5595
5604
5605
5728
57521
57600
58528
5894
6009
6194
6195
6196
6197
6198
6199
6249
6396
64121
64223
6446
64798
64900
6502
6520
652968
6654
6655
673
6794
7124
7132
7248
7249
729438
7471
7472
7473
7474
7475
7476
7477
7478
7479
7480
7481
7482
7483
7484
7855
79109
79726
7976
79899
80326
81029
8131
8140
81617
81929
8321
8322
8323
8324
8325
8326
83667
8408
84219
84335
8503
8649
89780
90423
92335
9296
9470
9550
96459
9663
9675
9681
9706
9894
