Human NCBI Gene ID
10000
100132074
10018
100533105
10110
1017
1026
1027
102800317
1030
1032
10365
10733
10769
10912
11337
11345
1147
114907
116986
1263
1387
1432
1454
1647
1901
1950
1956
2033
207
208
2290
2308
2309
23411
23678
23710
2538
26260
2885
2911
3265
3276
3479
3480
3551
356
3569
3575
3586
3630
3643
3667
369
3845
4088
4089
4193
4303
4616
472
4893
5105
5106
51422
5170
51701
5290
5291
5293
5295
5296
5347
53632
5562
5563
5564
5565
5571
5594
5595
5599
5600
5601
5602
5603
5604
5605
5728
57818
5894
5896
5897
5934
595
604
6300
6446
6502
6517
664
6648
6654
6655
673
6774
6789
6794
7040
7042
7043
7046
7048
7874
80854
847
8471
8503
85417
8660
8698
8743
891
894
901
9133
9140
92579
9454
9455
9456
