Human NCBI Gene ID
100170841
100532731
10138
10238
10336
10389
10600
11091
11335
114785
121536
1387
1460
171023
1876
1911
1912
2033
2145
2146
221937
22823
22955
22992
23269
23429
23466
23492
23512
26013
26053
26147
29915
3054
3065
3066
3607
3720
404281
4149
51460
51619
5252
54554
54880
54881
55252
55777
57332
57666
57713
5928
5931
6015
6045
63035
6322
64319
648
6500
7027
7321
7322
7323
7528
7703
7874
80012
80816
8314
83746
84108
84333
84456
84458
84678
8473
84733
84759
85015
8535
8726
91133
9212
