Human NCBI Gene ID
102723407
10454
10673
10892
10912
10913
114609
1147
115650
128178
142
1457
1459
1460
148022
1540
1647
1896
23085
23118
23586
23643
257397
27040
283106
2919
2920
2921
29760
29775
329
330
331
3383
353376
3551
3553
3554
3576
3654
388372
3929
3932
4049
4050
4055
4067
4615
4616
472
4790
4791
4792
51135
51588
5328
5335
5336
55367
5579
5588
5743
596
597
5970
5971
598
60401
6351
6357
6363
6366
6387
6850
6885
695
7099
7124
7128
7132
7185
7186
7187
7188
7189
7329
7412
7535
7706
79092
84433
8517
8600
8717
8737
8740
8792
8837
8915
9020
929
9560
958
959
