Human NCBI Gene ID
10000
100129543
100129842
100131017
100131827
100287226
100289635
100289678
100529215
101060200
10172
10189
10224
10308
10379
10454
10482
10520
10780
10793
10794
10795
10838
10929
110116772
113835
114026
1147
115004
115196
115509
117608
121274
122539214
125893
125919
126017
126068
126070
126231
126295
126375
127396
136051
139735
140612
146198
146434
146540
146542
147657
147658
147660
147686
147687
147694
147741
147837
147923
147929
147948
147949
148022
148103
148156
148198
148203
148206
148213
148254
148266
148268
152687
155054
155061
158431
1616
162239
162655
162962
162963
162966
162967
162972
162993
163049
163050
163051
163059
163071
163081
163087
163131
163223
163227
163255
168374
168417
169270
169841
170958
170959
170960
171392
1965
1967
197320
1978
199692
199704
199777
201514
207
208
219749
220992
22835
22869
23118
23586
2475
253639
255403
256051
25799
25833
25888
26149
26152
26974
27102
27153
27300
282890
284306
284307
284309
284323
284349
284370
284371
284390
284406
284459
285267
285268
285676
286075
29110
2923
29915
29990
29992
3054
30832
3105
3106
3107
3108
3109
3111
3112
3113
3115
3117
3118
3119
3122
3123
3125
3126
3127
3133
3134
3135
317
329
330
339318
339327
339559
340061
340252
340385
342892
342908
342909
342926
3439
3440
3441
3442
3443
3444
3445
3446
3447
344787
3448
3449
3451
3452
3454
345462
3455
3456
3458
3459
3460
346171
347344
348327
349075
353088
353355
355
3551
3553
356
3569
3592
3593
3654
3661
3665
3678
3690
3716
3717
374879
374899
374900
374928
388523
388536
388558
388559
388561
388566
388567
388569
389114
390927
390980
400713
400720
4049
440077
440275
440515
440519
441234
442319
4615
4790
4792
4938
4939
4940
51135
51276
51385
51427
51710
5199
5290
5291
5293
5295
5296
5371
54106
54205
5451
5452
54753
54807
54811
54925
5499
5500
5501
55422
55552
55659
55713
55762
55769
55786
55900
56000
56001
5610
56242
567
572
57209
57232
57335
57343
57474
57506
57541
57547
57573
57615
57677
57693
57711
57786
578
5781
581
5818
5819
58492
58500
59348
596
5970
598
6009
6041
6347
6352
637
63934
641339
64135
64170
6426
6427
6428
6429
6430
6431
6432
65243
65251
654254
6672
6714
6732
6772
6773
684
6850
6885
6890
6891
6892
6940
7097
7098
7124
7132
7157
718
7186
7187
7188
7189
7248
7249
727
728343
728927
728957
7297
729747
730051
730087
730291
7539
7549
7551
7553
7554
7556
7559
7561
7562
7565
7567
7568
7569
7571
7574
7576
7581
7582
7587
7592
7594
7596
7617
7625
7633
7637
7638
7639
7643
7644
7652
7673
7678
7691
7692
7694
7695
7699
7700
7710
7711
7712
7728
7730
7733
7738
7743
7748
7752
7755
7757
7761
7766
7767
7768
7769
7770
7771
7772
7773
79088
79175
79230
79724
79744
79788
79818
79862
7988
79891
79898
79973
80032
80095
80110
80264
80778
80818
811
81856
81931
836
83744
841
842
8427
84436
84449
84503
84527
84671
84765
84775
84874
84911
84914
84924
8503
8517
8683
8717
8740
8764
8772
8890
8891
8892
8893
90075
9021
90233
90317
90321
90333
90338
90576
90592
90594
90649
90827
90987
91120
91661
91664
91975
92283
92285
92595
9310
93134
93474
94039
9422
9451
9534
9641
9668
972
9831
