Human NCBI Gene ID
10000
1003
10365
1147
119391
1432
1499
1514
1535
163688
1728
1843
1906
207
208
221357
2353
25828
27035
2817
2938
2939
2940
2941
2944
2946
2947
2948
2949
2950
2952
2953
3162
3320
3326
3383
3458
3551
3552
3553
3554
3674
3685
3690
3725
3791
387
387082
406902
4205
4208
4217
4257
4258
4259
4313
4318
445
4688
4780
4790
4846
4880
5154
5155
51588
5175
51806
5290
5291
5293
5295
5296
5327
5562
5563
5590
5598
5599
5600
5601
5602
5603
5607
5608
5609
5747
5879
5880
5881
59341
596
5970
60
6300
6347
6382
6383
6385
6401
6416
652
653361
653689
657
658
659
6612
6613
6714
6885
7056
71
7124
7132
7157
7184
7295
7341
7412
7422
7850
801
805
808
810
8503
8517
857
858
859
8878
90
9181
91860
92
93
9446
9817
