Human NCBI Gene ID
10148
10220
10344
10563
10663
10673
10803
10850
10913
11009
112744
115650
1230
1232
1233
1234
1235
1236
1237
1270
1271
130399
132014
133396
1435
1436
1437
1438
1439
1440
1441
1442
1443
146433
1489
149233
151449
1524
163702
1896
2056
2057
23495
23529
23765
246778
26525
2657
2658
2660
2661
2662
268
2688
2689
269
2690
27177
27178
27179
27189
27190
27242
27302
2826
282616
282617
282618
2829
2833
284340
285613
2919
2920
2921
29949
338376
3439
3440
3441
3442
3443
3444
3445
3446
3447
3448
3449
3451
3452
3454
3455
3456
3458
3459
3460
3467
353500
355
3552
3553
3554
3556
3557
3558
3559
356
3560
3561
3562
3563
3565
3566
3567
3568
3569
3570
3572
3574
3575
3576
3577
3578
3579
3581
3586
3587
3588
3589
3590
3592
3593
3594
3595
3596
3597
3598
3600
3601
3603
3604
3605
3606
3623
3624
3625
3626
3627
386653
388372
392255
3952
3953
3976
3977
4049
4050
4055
414062
4283
4352
4803
4804
4838
4982
5008
50604
50615
50616
51330
51554
51561
5196
5197
53342
53832
53833
5473
55504
55540
55801
5617
5618
56300
56477
56832
57007
58191
58985
59067
60401
608
6346
6347
6348
6349
6351
6352
6354
6355
6356
6357
6358
6359
6360
6361
6362
6363
6364
6366
6367
6368
6369
6370
6372
6373
6374
6375
6376
6387
64109
643
64806
650
651
652
653
654
655
656
657
658
659
6846
7040
7042
7043
7046
7048
7066
7124
7132
7133
7292
729230
7293
768211
7850
7852
8200
83729
84639
84818
84957
85480
8600
8718
8740
8741
8742
8743
8744
8764
8771
8784
8792
8793
8794
8795
8797
8807
8808
8809
8995
90
90865
91
9173
9180
92
920
9210
9235
93
939
94
943
944
9466
9518
9547
9560
9573
958
959
970
9966
