Human NCBI Gene ID
10000
10059
10454
10488
1051
11035
1147
1326
1385
1386
1388
1432
1435
1437
148327
153090
1540
182
1906
192111
197259
207
208
2277
23118
2353
257397
2919
2920
2921
329
330
331
3383
3456
355
3551
3553
3569
3600
3627
3659
3725
3726
3976
4049
4217
4314
4318
4323
468
4790
4792
5290
5291
5293
5295
5296
5594
5595
5599
5600
5601
5602
5603
5604
5606
5608
5609
5743
5970
602
6300
6347
6352
6364
6372
6374
6376
6401
64127
6416
64764
6885
7124
7128
7132
7133
7185
7186
7187
7188
7412
7424
836
83737
840
841
843
84699
8503
8517
8717
8737
8772
8809
8837
8986
9020
9021
90993
9252
9530
9586
