Human NCBI Gene ID
1040
10423
113026
117283
139189
1606
1607
1608
160851
1609
163688
200576
22876
22908
23236
23262
23396
253430
3612
3613
3628
3631
3632
3633
3635
3636
3705
3706
3707
3708
3709
3710
4534
4952
51196
51447
51806
5286
5287
5288
5289
5290
5291
5293
5295
5296
5297
5298
5305
5330
5331
5332
5333
5335
5336
54928
55300
55361
55529
55613
5578
5579
5582
56623
5728
64419
64768
79837
801
80271
805
808
810
8394
8395
8396
84812
8503
8525
8526
8527
8760
8776
8821
8867
8871
8897
8898
89869
90809
9107
9108
9110
9162
91860
9677
9807
