Human NCBI Gene ID
10263
10445
10467
10524
10847
10856
10902
10933
1107
1108
11176
11177
115482686
124944
125476
196528
2186
221613
23506
26039
26122
27443
283899
29117
29844
29994
29998
3012
3013
3014
3015
3065
3066
317772
404281
474381
474382
4798
51377
51412
51773
53615
54107
54108
54556
54617
54815
54891
55193
55257
55274
55506
55766
55929
57459
57492
57504
57634
5928
5931
5977
60
605
64431
64769
6594
6595
6597
6598
65980
6599
6601
6602
6603
6604
6605
6760
6944
71
723790
7528
79913
80314
8089
8099
8110
8193
8289
8295
8329
8330
8331
8332
8334
8335
8336
8337
8338
83444
83740
84295
8467
85235
86
8607
8932
8969
9031
9112
9219
9274
9275
92815
93973
94239
9555
9643
