Human NCBI Gene ID
10000
1017
1019
1021
1027
103
10332
10379
10399
1147
1457
1459
1460
1965
207
208
2213
23118
2353
23586
25898
27102
27113
283106
29110
2932
30835
317
3303
3304
3305
3310
3312
3439
3440
3441
3442
3443
3444
3445
3446
3447
3448
3449
3451
3452
3454
3455
3456
355
3551
3552
3553
3558
3559
356
3560
3561
3569
3592
3593
3654
3661
3665
3716
3718
3725
4179
440275
4478
4599
4600
4615
4790
4792
4793
4938
4939
4940
51135
51209
51284
5290
5291
5293
5295
5296
54106
54205
5599
5601
5602
5610
572
57506
578
581
595
596
5970
598
637
64135
6504
6772
6773
6774
6776
6777
6885
7097
7099
7128
7157
7161
7187
7189
7297
836
841
842
8503
8517
8667
868
8717
8772
894
896
898
9134
915
916
917
9367
940
9451
9641
