Human NCBI Gene ID
10000
10454
10645
10891
114609
1147
124
125
126
126129
127
128
130
131
1374
1375
1432
148022
1499
1571
207
208
2168
217
219
2194
223
224
2308
2309
23118
23175
23411
23417
23643
23765
257397
29110
2919
2920
2921
2932
29896
31
32
34
3439
3440
3441
3442
3443
3444
3445
3446
3447
3448
3449
3451
3452
3456
355
3551
3553
356
3569
3576
3592
3593
3605
3654
3661
37
3929
406999
4217
4615
4790
4792
501
50507
51
51094
51135
51176
51422
53632
5465
5562
5563
5564
5565
5571
5599
5600
5601
5602
5603
5606
5608
5609
595
5970
6300
6319
6416
6434
64900
6720
6885
6932
6934
7099
712
7124
713
7132
714
717
718
7187
7189
719
720
721
727
728
79602
79966
8310
83439
836
841
84818
8517
8717
8737
8772
9020
929
9370
9641
9663
