Human NCBI Gene ID
10000
10488
10645
1080
10890
10891
1149
126129
1374
1375
1385
148
148327
1938
1978
1994
200186
207
208
2194
2203
2308
2309
23216
23411
23417
2475
2538
28227
29904
2997
2998
31
3156
3172
32
3479
3480
3630
3643
3667
3952
3953
3991
4218
5105
5106
51094
51422
51552
5170
51719
5207
5208
5209
5210
5211
5213
5214
5290
5291
5293
5295
5296
53632
5468
55012
5515
5516
5518
5519
5520
5521
5522
5523
5525
5526
5527
5528
5529
55437
5562
5563
5564
5565
5571
55844
57521
57818
5862
595
6009
6198
6199
6319
64764
6517
6720
6794
6885
7248
7249
79602
79966
81617
8408
84335
84699
8471
8503
8660
8789
890
8900
90993
9230
92335
92579
9370
948
9586
