Human NCBI Gene ID
10000
100132074
10092
10093
10094
10095
10096
10097
10109
10163
10241
102724594
10318
10325
103910
10392
10398
10454
10552
10616
10627
10670
10801
10892
11146
113026
11335
114548
1147
115004
124404
126961
1398
1399
1432
1437
1729
1793
1956
199746
2017
207
208
22863
23048
2308
2309
23118
23157
23176
23236
23291
2475
257397
25851
26100
27128
29108
29110
2931
2932
29895
3020
3021
3059
30849
3098
3099
3101
333932
340061
345456
3456
3551
3553
3554
3576
3606
3611
3661
3678
3688
3708
3709
3710
3725
375
375189
382
387
389898
4193
4303
440093
440738
441925
4615
4633
4636
4671
472
4735
4790
4792
4793
51196
51619
5216
5217
5289
5290
5291
5293
5295
5296
5330
5331
5332
5333
5335
5336
54205
5481
54874
55054
55062
55072
55752
5580
5581
5588
5594
5595
55964
5599
5600
5601
5602
5603
57180
5747
57521
581
5829
58484
58498
58528
5879
596
5970
598
60
6093
6198
6199
6233
6300
6352
63916
64121
643246
6500
653604
653857
664
6714
6885
7094
7099
71
7100
7124
7132
7157
718
7186
7188
7189
7307
7311
7314
7316
7321
7322
7323
7334
7335
7336
7414
7416
80201
81
81631
81858
81873
823
824
826
8290
831
834
8350
8351
8352
8353
8354
8355
8356
8357
8358
83660
837
84335
8454
84557
84812
8503
8517
8678
87
8717
8737
8767
8878
8915
8936
8945
8968
8976
89869
9140
9181
9252
92610
9265
9266
9267
929
93408
9474
9475
9564
960
9844
989
9978
998
