Human NCBI Gene ID
10000
10014
100271849
100506013
10365
10672
10681
107
108
10891
109
111
112
113
114
115
146850
1490
163688
182
185
187
1958
196883
207
208
22800
22808
23236
23533
2475
2770
2771
2773
2776
2782
2783
2784
2785
2786
2787
2788
2790
2791
2792
2793
30849
3265
340156
3708
3709
3710
3845
3991
4087
4088
4089
4205
4207
4208
4209
440738
441925
4633
4634
4635
4638
4842
4843
4846
4854
4893
4899
5054
5140
51422
51764
51806
5289
5294
5327
5330
5331
5332
5346
53632
54331
5562
5563
5564
5565
5566
5567
5568
5571
5581
55811
5594
5595
55970
5604
5605
56848
5894
59
59345
595
6194
6198
6199
6237
6261
6262
6263
643246
6543
6546
6547
6548
6696
7019
7046
7350
801
805
808
810
814
81631
84557
85366
8678
8862
8877
91807
91860
94235
9759
999
