Human NCBI Gene ID
10000
100137049
10163
10434
10810
1119
1120
123745
126969
139189
1606
1607
1608
160851
1609
1950
1956
1978
204962
207
208
23396
23446
2353
2475
255189
283748
2885
3091
3265
3725
3845
4893
5130
5154
5155
5156
5159
5170
5290
5291
5293
5295
5296
5321
5335
5337
5338
5578
5579
5582
5594
5595
5599
5601
5602
56034
5604
5605
56261
56994
57153
5879
5880
5881
5894
5900
6009
60482
6198
6199
6580
6581
6582
6583
6584
6654
6655
6667
7248
7249
7454
80310
80736
8394
8395
8503
8525
8526
8527
8605
8611
8612
8613
8681
8936
9162
9468
