Human NCBI Gene ID
10010
10023
100506742
100532726
10105
10120
10121
10126
10131
10133
1020
10213
10280
102800317
10297
10376
10381
10382
10383
10452
10476
10540
10671
10975
11047
11211
11258
112714
11273
1128
1131
11315
1133
113457
1139
116442
118424
120892
122011
125965
126328
127602
1327
1329
1337
1339
1340
1345
1346
1347
1349
1350
1351
140775
1432
143471
1435
1452
1454
1457
1459
1460
146754
147700
1499
1536
1537
1616
163688
1639
1649
170712
1742
1767
1768
1769
177
1770
1855
1856
1857
196385
1965
201625
203068
203228
2081
22863
22926
22943
23130
23236
23401
23435
2475
2521
2535
257202
25978
25981
26100
27019
27035
27089
27121
27123
27429
2776
283106
2861
2876
2877
2878
2880
2882
2890
2891
2892
2893
2902
2903
2904
2905
2906
291
2911
29110
2915
292
293
2932
29796
29982
3028
3064
30849
3092
317
324
3265
3309
341947
342371
347688
347733
351
355
3552
3553
356
3569
369
3708
3709
3710
374291
3798
3799
3800
3831
3845
4040
4041
4137
4217
4218
4287
4294
440567
440738
441925
4508
4509
4512
4513
4514
4519
4535
4536
4537
4538
4539
4540
4541
468
4694
4695
4696
4697
4698
4700
4701
4702
4704
4705
4706
4707
4708
4709
4710
4711
4712
4713
4714
4715
4716
4717
4718
4719
4720
4722
4723
4724
4725
4726
4728
4729
4731
4741
4744
4747
4790
4842
4843
487
488
489
4893
493869
498
50507
506
5071
509
51079
51164
513
51384
514
51465
515
516
517
5173
518
51806
51807
522
5289
5330
5331
5332
53349
5335
539
5413
54205
54361
54539
5481
55062
55081
55102
55255
5530
5532
5533
5534
5535
55567
55626
55669
5578
5579
5582
55860
5594
5595
55967
5599
5600
5601
5602
5603
5604
5605
5606
5608
5609
56171
5621
5630
5663
5664
5682
5683
5684
5685
5686
5687
5688
5689
5690
56901
5691
5692
5693
5694
5695
5700
5701
5702
5704
5705
5706
5707
5708
5709
5710
5713
5714
5715
5717
5718
5719
572
5743
57679
578
581
5861
5868
5879
5894
596
5970
598
60673
6233
6261
6262
6263
627
6300
6310
6311
637
6389
6390
6391
6392
643246
64446
64837
65018
6531
6622
6647
6712
673
6804
7124
7132
7133
7186
7222
7277
7278
7280
7311
7314
7316
7317
7318
7326
7327
7332
7345
7381
7384
7385
7386
7388
7415
7416
7417
7419
7471
7472
7473
7474
7475
7476
7477
7478
7479
7480
7481
7482
7483
7484
7494
774
775
776
778
779
7802
7846
7855
79139
7976
7979
79861
801
80208
80326
805
808
810
81027
81029
815
816
81631
817
818
823
824
8312
8313
8321
8322
8323
8324
8325
8326
83447
83544
836
840
8408
841
84134
842
84516
84557
84617
847
84701
84790
8632
8678
8701
8772
8851
8878
89780
89953
9001
90550
9167
91860
9217
9246
92552
9377
9451
9627
9706
9776
9821
9861
9896
9927
9973
