Human NCBI Gene ID
100137049
10411
10681
107987478
107987479
111
121278
123745
1557
1558
1559
1562
1564
1565
1573
1644
170572
1843
200909
23236
239
240
242
246
247
255189
2560
2561
2562
260293
2770
2771
2773
2775
2776
2778
2782
2783
2784
2785
2786
2787
2788
2790
2791
2792
2793
283748
285242
3265
3350
3351
3352
3354
3355
3356
3357
3358
3359
3360
3361
3362
3363
351
369
3708
3709
3710
3751
3760
3762
3763
3765
3781
3845
4128
4129
4893
51764
5321
5330
5331
5332
54331
5566
5567
5568
5578
5579
5582
5594
5595
55970
5604
5742
5743
5894
59345
6532
6570
6571
673
7166
7220
773
774
775
776
778
779
836
8605
8681
9177
94235
