Human NCBI Gene ID
10000
10558
10672
10715
123099
125981
130367
134
140
1432
1509
165679
166929
171546
1901
1903
204219
207
208
2205
2206
2207
23236
2534
253782
259230
2768
2770
2771
2773
2776
28227
29956
3265
340485
3827
3845
387
4217
427
4363
4790
4846
4893
4985
5170
5290
5291
5293
5295
5296
5330
5331
5332
5337
5338
53637
55012
5515
5516
5518
5519
5520
5521
5522
5523
5525
5526
5527
5528
5529
55304
5578
5579
5581
5582
55844
5590
5594
5595
5599
5600
5601
5602
5603
5604
5605
56624
56848
5728
581
5879
5880
5881
5894
596
5970
6093
624
6300
637
6609
6610
7124
7132
7157
7186
79603
81537
8439
8503
8560
8698
8717
8877
8879
91012
9294
9475
9517
9846
