Human NCBI Gene ID
10000
100507436
1019
1021
1026
10379
10681
1147
1230
1232
1233
1234
1237
131450
1385
1387
1432
1437
146850
148022
1499
163688
1827
1869
1870
1871
2033
207
208
2247
22863
2353
23533
2475
2782
2783
2784
2785
2786
2787
2788
2790
2791
2792
2793
285
29110
2919
2920
2921
2932
3055
3091
3105
3106
3107
3133
3134
3135
3265
3383
3439
3440
3441
3442
3443
3444
3445
3446
3447
3448
344807
3449
3451
3452
3454
3455
3456
3459
355
3551
3569
3572
3576
3661
3665
3708
3709
3710
3716
3717
3725
3845
4067
4277
440738
441925
4609
4772
4773
4775
4776
4790
4792
4893
51176
5155
51764
51806
5289
5290
5291
5293
5294
5295
5296
5335
5336
54205
54331
5530
5532
5533
5534
5535
5594
5595
55970
5599
5600
5601
5602
5603
5604
5605
5608
5609
5610
5743
57580
578
581
5879
5894
5925
59345
595
5970
6233
6300
637
6416
643246
64422
6714
6772
6773
6774
6850
6932
6934
7098
7132
7157
718
7186
7187
7297
7311
7314
7316
7422
7538
801
805
808
810
81631
83439
836
841
842
84557
8503
8517
8678
8717
8772
91860
9261
942
94235
9641
9976
