Human NCBI Gene ID
100137049
100526767
10059
10379
10616
11035
114548
115482686
123745
124044
128866
142
148022
1536
1540
192111
197259
221613
246
2495
2512
255189
25978
27005
27183
27243
2746
2747
2752
283748
29082
291
29108
292
293
3012
3013
3014
3015
3146
317772
329
330
331
3320
3326
3439
3440
3441
3442
3443
3444
3445
3446
3447
3448
3449
3451
3452
3454
3455
3456
3458
3459
3460
353376
355
3552
3553
356
3716
3717
3718
474381
474382
5119
51510
51652
5321
5478
5481
54822
55072
55506
55766
5599
5601
5602
5610
57132
581
5834
5836
5837
596
637
6609
6772
6773
6774
6775
6776
6777
6778
7098
7099
7124
7128
7132
7186
7188
723790
7297
7416
7417
7419
79643
81030
815
816
817
818
81858
823
824
8329
8330
8331
8332
8334
8335
8336
8337
8338
834
83447
83740
841
85235
8605
8681
8717
8737
8743
8772
8795
8797
8837
8878
8969
90865
9131
91782
92421
92815
94239
9525
9555
9825
