Human NCBI Gene ID
10154
1020
10298
10371
103910
10398
10500
10501
10505
10507
10509
10512
10627
106821730
1072
1073
137970
151449
1630
1808
1942
1943
1944
1945
1946
1947
1948
1949
1969
2041
2042
2043
2044
2045
2046
2047
2048
2049
2050
2051
219699
223117
2242
22854
22885
23365
23380
23654
25
2534
25791
27289
2770
2771
2773
285220
2932
29984
3265
3611
3688
3845
387
3897
3983
3984
3985
4233
4636
4690
4756
4773
4775
4776
4893
4917
5058
5062
5063
50855
5170
5290
5291
5293
5295
5296
5335
5336
5361
5362
5364
5365
54361
54434
54437
54910
54961
5530
5532
5533
5534
5535
55558
55740
5578
5590
5594
5595
56288
56896
56920
56924
56963
57144
5727
5747
57522
57556
57689
57715
5781
5879
5880
5881
5894
5921
59277
5998
6091
6092
6093
6237
6259
6387
6405
64101
64218
64221
6469
655
658
6585
6586
659
6608
6714
7220
7222
7223
7224
7225
7474
7852
7869
7976
80031
81029
815
816
817
818
8440
84448
84552
84612
84628
8482
8503
85464
8633
8829
90249
9037
91584
91653
9353
9423
9475
9723
9860
9901
998
