Human NCBI Gene ID
10021
112
1131
114
170572
196883
200909
22953
23236
2550
255022
2554
2555
2556
2557
2558
2559
259285
259286
259287
259289
259290
259291
259292
259293
259294
259295
259296
2784
285242
2911
2914
29850
3350
3351
3352
3354
3355
3359
338398
342372
346562
353164
3710
40
5024
5028
5030
50831
50832
50833
50834
50835
50836
50837
50838
50839
50840
5136
5137
5153
51764
5330
5331
5332
54429
5566
5567
5568
5726
6326
6328
6335
6337
6338
6340
773
775
80834
80835
83756
8645
9033
9177
954
9568
