Human NCBI Gene ID
10010
100289462
100506742
10059
10135
10379
10392
10454
10616
10628
107181291
10910
11035
11337
11345
114548
1147
114769
115361
115362
118429
140609
1432
148022
1508
152138
1535
1536
1667
1668
1669
1670
1671
1673
171389
199713
222545
22861
22900
23118
23236
23710
24145
257397
25828
260434
2633
2634
2635
29108
29110
2919
2920
2921
329
330
331
3320
3326
340061
3428
3439
3440
3441
3442
3443
3444
3445
3446
3447
3448
3449
3451
3452
3454
3455
3456
345611
3551
3553
3569
3576
3606
3661
3665
3708
3709
3710
3716
3725
387
388646
414325
4210
440738
4615
4671
4790
4792
4793
4938
4939
4940
5027
51135
51393
5330
5331
5332
54822
55054
55072
55669
5580
5585
5586
55894
55914
5594
5595
5599
5600
5601
5602
5603
56919
57506
58484
59082
596
5970
598
6041
6300
6347
6352
63940
64127
64170
643246
6772
6773
6885
7099
7124
7128
7158
7186
7187
7188
7189
7205
7226
728358
7295
7297
7416
7417
7419
7531
79184
79671
79792
81631
81858
820
834
837
838
841
84168
84557
846
84674
8517
8737
8767
8772
9051
90550
9140
91662
9447
9474
9641
9927
