Human NCBI Gene ID
100534599
10084
101447996
10189
101954264
101954266
101954267
101954268
101954269
101954271
101954272
101954273
101954275
101954276
101954277
101954278
10262
102724594
10285
10286
10291
103625684
10450
10465
10523
10569
10594
10713
10772
10907
10915
10929
10946
10992
11017
11157
11325
11338
124900488
124900516
124900632
124900883
124900887
124900915
124901219
124901224
124901516
124901863
124902331
124902335
124903120
124903414
124904107
124904109
124904122
124904135
124904136
124904137
124904138
124904139
124904140
124904141
124904142
124904143
124904144
124904145
124904146
124904147
124904613
124904616
124904619
124904621
124904624
124904627
124904631
124904634
124904651
124904694
124904727
124904986
124905062
124905264
124905307
124905321
124905326
124905573
124905574
124905809
124907960
124907961
124907963
124907964
124907965
124908124
144983
151903
153527
1655
1659
1665
199746
220988
22827
22916
22938
22985
23020
23350
23450
23451
23658
24148
2521
25766
25804
25949
26121
26827
26828
26830
26831
26832
26834
26835
26863
26864
26869
26870
26871
27258
27316
27339
29896
3178
3183
3190
3192
3303
3304
3305
3310
3312
392517
4116
4670
4686
4809
5093
51340
51362
51503
51639
51645
51690
51691
51729
5356
55110
55119
55660
55696
56259
56949
57187
57461
57819
58517
6060
6063
6066
6100
6426
6427
6428
6429
6430
6431
6432
6434
6625
6626
6627
6628
6629
6631
6632
6633
6634
6635
6636
6637
7307
7919
8175
83443
84321
8449
84844
84950
84991
8559
8683
8896
9092
9128
9129
9343
9410
9416
9716
9775
9785
9879
988
9939
9984
