Human NCBI Gene ID
100532731
1025
1026
1027
102723407
1031
1050
1051
1053
10912
126961
1436
1437
1643
1647
1649
1655
1667
1668
1669
1670
1671
171558
1848
1991
2005
2078
2115
2118
2119
2120
2130
2138
2209
221037
2308
2313
2321
2322
2521
2530
25942
26039
26471
2892
30012
3002
3020
3021
3065
3066
3087
3195
3205
3206
3207
3248
329
330
333932
3398
3479
3480
3486
3560
3562
3569
3576
3684
3695
3728
4005
4066
4086
4094
4149
4193
4208
4211
4221
4233
4286
4291
4297
4298
4299
4300
4314
4318
4353
440093
4609
4613
4616
466
472
4790
4804
4914
5077
5079
5081
5087
5090
51274
51384
51426
51513
5154
51804
5218
5327
5328
5371
5468
54738
5546
55589
5747
578
581
5914
5966
597
5970
598
604
6256
6257
6258
64332
648
64919
6495
653604
6667
6688
6692
6756
6757
6760
6929
6935
7030
7048
7102
7113
7157
7185
727837
728358
7403
7468
7490
7704
7709
7849
7850
79058
8013
8091
8148
8290
8350
8351
8352
8353
8354
8355
8356
8357
8358
84444
8464
85414
860
861
862
8842
8861
8864
890
8900
8938
894
8968
904
905
929
942
958
9611
9915
