Human NCBI Gene ID
10000
10022
10488
10681
107
108
109
111
112
113
114
115
117579
122042
1277
1278
1281
1282
1284
1285
1286
1287
1288
1385
1386
1388
1432
148327
1906
1910
1956
196883
207
208
2277
23236
2353
25759
2769
2770
2771
2773
2775
2778
2782
2783
2784
2785
2786
2787
2788
2790
2791
2792
2793
2885
3265
339403
3640
3725
3845
399694
408
4087
409
4312
4313
4318
4322
468
4790
4792
4842
4843
4846
4893
51289
51764
5290
5291
5293
5295
5296
5330
5331
5332
53358
54331
5566
5567
5568
5578
5590
5594
5595
55970
5599
5600
5601
5602
5603
5604
5605
5609
5894
59
59345
59350
5970
6013
6019
6300
6416
6464
64764
6654
6655
6714
7040
7046
7048
7422
7423
7424
84699
8503
90993
94235
9586
