Human NCBI Gene ID
10000
10018
10023
10125
10161
1017
1019
1021
10235
1026
1027
1029
10297
1030
10319
10342
1050
10587
10672
10681
10683
107
108
109
10912
10928
11040
111
11186
112
11211
112398
112399
113
114
114112
1147
115
115727
1163
1164
119391
1282
1284
1285
1286
1287
1288
1387
1398
1399
1436
1438
1439
1441
1487
1488
149233
1495
1496
1499
1612
1613
1630
163688
1643
1647
1728
182
183
185
1855
1856
1857
1869
1870
1871
1902
1906
1909
1910
1950
1956
196883
2002
2033
2034
2056
2057
2064
207
208
2099
2100
2113
2122
2147
2149
221357
2246
2247
2248
2249
2250
2251
2252
2253
2254
2255
2260
2261
2263
2264
2271
2277
22798
2308
2322
2323
23236
2324
2335
23365
23401
23462
23493
2353
23566
23604
238
2475
25
2535
25780
26060
26281
26291
26508
27006
27113
2735
2736
2737
27436
2767
2768
2770
2771
2773
2776
2778
2782
2783
2784
2785
2786
2787
2788
2790
2791
2792
2793
284217
2846
28514
2885
29119
2932
2938
2939
2940
2941
2944
2946
2947
2948
2949
2950
2952
2953
2956
3065
3066
3082
3091
3162
317
324
3265
3280
329
330
331
332
3320
3326
3439
3440
3441
3442
3443
3444
3445
3446
3447
3448
3449
3451
3452
3454
3455
3458
3459
3460
3479
3480
3481
354
355
3551
3558
3559
356
3560
3561
3562
3563
3565
3566
3567
3568
3569
3570
3572
3574
3575
3576
3592
3593
3594
3595
3596
3597
3600
3601
3655
367
3673
3674
3675
3685
3688
369
3714
3716
3717
3718
3725
3728
374654
3815
3827
3845
387
388585
3908
3909
3910
3911
3912
3913
3914
3915
3918
4040
4041
405
4087
4088
4089
4149
4193
4233
4254
4257
4258
4259
4286
4292
4312
4313
4318
4436
4437
4609
4616
4780
4790
4791
4792
4824
4843
4851
4853
4854
4855
4893
4914
51176
51384
51426
5154
5155
5156
51561
5159
51684
51764
51806
5228
5290
5291
5292
5293
5295
5296
5330
5331
5332
5335
5336
5337
5338
5366
5371
54205
54331
54361
54567
54583
5467
5468
5566
5567
5568
5578
5579
5582
5594
5595
55970
5599
5601
5602
5604
5605
57121
572
5727
5728
5731
5732
5733
5734
5743
57449
5747
578
581
5879
5880
5881
5888
5894
5898
5899
5900
5914
5915
5925
59345
595
596
5970
5979
598
6093
613
6198
6199
623
624
6256
6257
6258
637
6387
64399
6469
650
6500
6502
6513
652
653689
6608
6654
6655
6667
6688
673
675
6772
6773
6774
6775
6776
6777
6778
6789
6921
6923
6932
6934
7012
7015
7039
7040
7042
7043
7046
7048
7157
7170
7175
7184
7185
7186
7187
7188
7189
7296
7422
7423
7424
7428
7471
7472
7473
7474
7475
7476
7477
7478
7479
7480
7481
7482
7483
7484
7704
7709
7849
7852
7855
79444
7976
801
8030
8031
80326
805
8074
808
810
81029
815
816
817
818
8202
8312
8313
8321
8322
8323
8324
8325
8326
83439
83593
836
840
841
842
8453
8454
8503
8517
861
862
8643
8648
867
8772
8817
8822
8823
890
8900
894
896
89780
898
9002
9134
9138
9170
91860
9252
94235
9446
9475
9618
9817
9826
9915
9965
9978
998
999
