Human NCBI Gene ID
10000
100137049
10125
10235
103910
10627
10672
107
108
109
111
112
113
114
115
123745
1277
1278
1281
1432
146850
196883
207
208
2147
2149
2207
2212
2243
2244
2266
23236
23365
23533
2534
255189
2770
2771
2773
2776
2778
2811
2812
2814
2815
283748
2909
2977
2982
2983
340156
3673
3674
3688
3690
3708
3709
3710
387
3937
4067
4638
4659
4846
5023
5028
51206
5290
5291
5293
5294
5295
5296
5321
5330
5331
5332
5336
54518
5499
5500
5501
5566
5567
5568
5584
5590
5592
5593
5594
5595
5600
5603
5739
5742
5906
5908
60
6093
6300
64805
6714
6786
6850
6915
6916
695
7094
71
7408
7450
83660
83706
84876
8503
85366
8605
8673
8681
8773
9002
9138
91807
9475
