Human NCBI Gene ID
1000
1001
100132463
1002
100288814
1003
100506658
1013
102723996
10666
10686
114798
1272
1364
1365
1366
137075
139065
1462
1493
149461
152404
201633
214
22829
22854
22865
22871
23114
23308
23562
23705
24146
257194
25945
26047
26050
26285
2734
29126
29851
3105
3106
3107
3108
3109
3111
3112
3113
3115
3117
3118
3119
3122
3123
3125
3126
3127
3133
3134
3135
3383
3384
3385
3655
3676
3680
3683
3684
3685
3688
3689
3695
3696
3897
4099
4267
4359
4684
4685
4756
4897
49861
5010
50848
51208
5133
5175
53842
54413
57502
57555
57689
57863
5788
5789
5792
5797
5802
5817
5818
5819
58494
6382
6383
6385
6401
6402
6403
6404
64101
64115
644672
6614
6693
6900
7122
7412
79679
80380
80381
8174
83692
83700
84189
84628
84631
8506
8516
9019
9069
9071
9073
9074
9075
9076
9080
90952
914
920
923
925
926
927
933
9369
9378
9379
940
94030
941
942
947
958
959
965
9672
999
