Human NCBI Gene ID
10000
10025
10231
10499
113026
116931
117247
1387
1499
1733
1734
1735
1827
2033
207
208
2099
2308
23236
23389
23439
2475
25942
2626
2648
29079
2932
3065
3066
3091
3265
3685
3690
3845
4193
4609
4624
4625
476
477
478
480
481
482
483
4851
4853
4854
4855
486
487
488
489
4893
51196
5170
5208
5211
5213
5214
5290
5291
5293
5295
5296
5330
5331
5332
5333
5335
5336
5350
53919
54361
5469
5566
5567
5568
5578
5579
5582
5594
5595
5604
5605
572
5894
595
60
6009
6256
6257
6258
6513
652
6548
6567
6714
6772
7067
7068
71
7157
7249
8202
842
84812
8503
8648
8841
8850
89869
90390
9282
9440
9442
9611
9862
9882
9968
9969
