Human NCBI Gene ID
10000
10125
1019
10298
10451
106821730
10892
1147
1326
1432
1437
1493
1739
207
208
2353
2534
27040
28227
2885
2932
29851
3265
3458
3551
3558
3565
3567
3586
3702
3725
3845
387
3932
3937
4690
4772
4773
4775
4790
4792
4793
4794
4893
5058
5062
5063
5133
5170
5290
5291
5293
5295
5296
5335
55012
5515
5516
5518
5519
5520
5521
5522
5523
5525
5526
5527
5528
5529
5530
5532
5533
5534
5535
55844
5588
5594
5595
5599
5600
5601
5602
5603
5604
5605
5609
56924
57144
5777
5781
5788
5894
5970
6300
6654
6655
6885
7006
7124
7409
7410
7535
8440
84433
8503
8517
868
8915
9020
915
916
917
919
920
925
926
927
940
9402
959
998
