Human NCBI Gene ID
10000
102723475
10368
10369
10411
10488
107
108
109
11069
111
11149
112
113
114
115
1385
1386
1388
1390
1432
146
146850
147
148
148327
153
154
163688
183
185
186
196883
207
208
23236
23439
23533
27091
27092
2770
2771
2773
2776
2778
28227
3753
3776
3784
4624
4625
4633
4634
4635
468
476
477
478
480
481
482
483
486
487
488
489
490
491
492
493
51806
5294
5330
5331
5332
5350
5499
5500
5501
55012
5502
5515
5516
5518
5519
5520
5521
5522
5523
5525
5526
5527
5528
5529
5566
5567
5568
5578
55799
55844
5594
5595
5600
5603
59283
59284
59285
596
6262
6300
6324
6330
6331
6332
64091
64208
64764
6543
6546
6547
6548
70
7134
7137
7139
7168
7169
7170
7171
775
776
778
779
781
782
783
784
785
786
801
805
808
810
815
816
817
818
84699
90993
91860
9252
9254
93589
9586
