Human NCBI Gene ID
10344
10563
10803
10850
11009
1230
1232
1233
1234
1235
1236
1237
1435
1436
146433
1524
27178
2826
2829
2833
2919
2920
2921
29949
3558
3559
3560
3561
3569
3570
3572
3576
3577
3579
3586
3587
3588
3606
3627
388372
4049
4055
414062
4283
50604
51554
5196
5197
53832
53833
5473
56477
57007
58985
6346
6347
6348
6349
6351
6352
6354
6355
6356
6357
6358
6359
6360
6361
6362
6363
6364
6366
6367
6368
6369
6370
6372
6373
6374
6375
6376
6387
643
6846
7124
7132
7133
729230
7852
8740
8743
8764
8793
8794
8795
8797
8807
8809
9547
9560
