Human NCBI Gene ID
10000
10010
10333
10451
10454
114548
114609
1147
142678
1432
148022
1535
1536
1543
1548
1549
1555
1558
1559
1573
163688
1649
177
19
1965
207
208
2081
22926
23118
23236
2353
23643
25833
27035
29108
29110
2919
2920
2921
2932
30001
317
3265
3303
3304
3305
3306
3308
3309
3310
3312
3320
3326
3329
335
337
338
3383
3439
3440
3441
3442
3443
3444
3445
3446
3447
3448
3449
3451
3452
3456
353376
355
3551
3553
356
3569
3576
3592
3593
3606
3654
3661
3665
3708
3717
3725
3845
387
3929
3949
4067
414062
4217
4312
4314
4318
4615
468
4688
4689
4772
4773
4775
4780
4790
4792
4846
4893
4973
51135
5170
51806
5290
5291
5293
5295
5296
5330
5331
5332
5335
54205
5451
5452
5468
5530
5532
5533
5534
5535
5578
5594
5595
5599
5600
5601
5602
5603
5606
5608
5609
572
5747
57534
581
5879
5906
5908
596
5970
598
6256
6257
6258
6300
6347
6348
6349
6352
637
6401
6403
6416
653361
6648
6714
6774
6885
7097
7099
7124
7132
7157
7184
7186
7187
7189
7409
7410
7412
7436
7494
801
805
808
810
815
816
817
818
834
836
839
840
841
842
8503
8517
8743
8795
8797
9138
91860
929
9451
9475
948
958
959
9619
9641
998
