Human NCBI Gene ID
10201
102157402
10229
10243
10327
10720
10797
10941
11019
112724
122481
122622
124454
125061
129607
133686
1352
1355
1371
145226
1503
154807
158
158067
159
169355
1719
1723
1728
1738
195814
200895
203
204
205
2058
210
211
212
217
219
221264
2235
224
23057
23475
23498
2356
248
249
250
251
25902
26289
2643
2677
27010
27235
2729
2730
27430
2937
2990
29922
29925
29926
29968
3145
3242
326625
349565
3620
387787
4143
4144
4337
4338
4351
441024
4522
4830
4831
4832
4833
493911
50808
51004
51109
51601
51727
51805
53354
53630
5372
5373
54490
54575
54576
54577
54578
54579
54600
54657
54658
54659
5498
54995
55163
55191
55312
554235
56474
57026
574537
5805
586
587
60490
6470
6472
64802
65220
654364
6697
6999
7358
7360
7363
7364
7365
7366
7367
7372
7389
7390
790
79001
79646
79717
79799
80025
80308
80347
84274
8564
8566
8630
8836
8942
9054
9104
9249
93100
