Human NCBI Gene ID
102723532
105369274
10798
107987545
109
112268384
119678
119679
119682
119687
119692
119694
119695
119749
119764
119765
119772
119774
120065
120066
120586
120775
120776
120787
120793
120796
121129
121130
121275
121364
122740
122742
122748
123041
124538
1258
125958
125962
125963
1260
1261
1262
126370
126541
127059
127062
127064
127066
127068
127069
127074
127077
127385
127608
127623
128360
128366
128367
128368
128371
128372
130075
134083
135924
135941
135946
135948
138799
138802
138803
138804
138805
138881
138882
138883
143496
143502
143503
144124
144125
150681
156
157
158131
162998
163688
196335
219417
219428
219429
219431
219432
219436
219437
219438
219447
219453
219464
219469
219473
219477
219479
219482
219484
219487
219493
219858
219865
219869
219870
219873
219874
219875
219952
219954
219956
219957
219958
219959
219960
219965
219968
219981
219982
219983
219986
23538
254783
254786
254879
254973
255725
256144
256148
256892
26188
26189
26211
26212
26219
26245
26246
26248
26333
26338
26339
26341
26476
26493
26494
26496
26497
26529
26530
26531
26532
26533
26534
26538
26539
26595
26648
26658
26659
26664
26683
26686
26687
26689
26692
26693
26696
26707
26716
26735
26737
26740
2774
2782
2788
282763
282770
282775
283092
283093
283111
283159
283160
283162
283189
283297
283365
283617
283694
284383
284433
284521
284532
285659
286362
286365
3000
338662
338674
338675
338751
338755
340980
341152
341276
341416
341418
341568
341799
343169
343170
343171
343172
343173
343406
343563
346517
346525
346528
347168
347169
347468
387748
388761
389090
390036
390037
390038
390054
390058
390059
390061
390063
390064
390066
390067
390072
390075
390077
390078
390079
390081
390082
390083
390084
390093
390113
390142
390144
390148
390151
390152
390154
390155
390157
390162
390167
390168
390174
390181
390190
390191
390195
390197
390199
390201
390260
390261
390264
390265
390271
390275
390321
390323
390326
390327
390429
390431
390432
390433
390436
390437
390439
390441
390442
390445
390538
390648
390649
390882
390883
390892
391107
391109
391112
391114
391121
391189
391190
391191
391192
391194
391195
391196
391211
392133
392138
392309
392376
392390
392391
392392
393046
401427
401665
401666
401667
401992
401993
401994
402135
402317
403239
403244
403253
403257
403273
403274
403277
403278
403282
403284
408
409
440153
441308
441608
441639
441669
441670
441933
442184
442185
442186
442191
442194
442361
4991
4992
4993
4994
4995
504189
504190
504191
5136
5137
5138
5153
51764
51806
5566
5567
5568
5592
5593
56656
57101
5997
653166
6543
6546
6547
729759
79290
79295
79296
79310
79317
7932
79324
79334
79339
79345
79346
79473
79482
79490
79501
79541
79544
79549
801
805
808
810
81050
81061
81099
81127
81168
81282
81285
81300
81309
81318
81327
81328
81341
81392
81399
81442
81448
81458
81466
81469
81470
81472
815
816
81696
81697
817
81797
818
8383
8386
8387
8388
8390
8392
83988
8590
91860
