Human NCBI Gene ID
100532726
10105
10120
10121
10126
10213
10376
10381
10382
10383
10476
10488
10540
10671
10891
10975
11047
11258
112714
113457
1173
1175
1211
1212
1213
125965
126328
127602
1327
1329
1337
1339
1340
1345
1346
1347
1349
1350
1351
1385
1387
143471
146754
147700
148327
1537
160
161
163
1639
170712
1742
1767
1768
1769
1770
196385
201625
203068
2033
2081
22863
23130
23186
23236
246721
2475
257202
25942
25981
26100
27019
27089
27113
2776
2876
2877
2878
2880
2882
2890
2891
2892
2893
2902
2904
291
2915
292
293
29796
29982
3064
3065
3066
30849
3092
317
341947
347688
347733
3708
374291
3766
3798
3799
3800
3831
387332
4217
4294
440567
441925
4508
4509
4512
4513
4514
4519
4535
4536
4537
4538
4539
4540
4541
4694
4695
4696
4697
4698
4700
4701
4702
4704
4705
4706
4707
4708
4709
4710
4711
4712
4713
4714
4715
4716
4717
4718
4719
4720
4722
4723
4724
4725
4726
4728
4729
4731
4899
493869
498
506
509
51079
51164
513
514
515
516
517
518
51807
522
5289
5330
5331
5332
539
54205
5430
5431
5432
5433
5434
5435
5436
5437
5438
5439
5440
5441
54539
5468
548644
55062
55081
55102
55567
55626
55860
55967
5599
5601
5602
5609
56171
5682
5683
5684
5685
5686
5687
5688
5689
5690
56901
5691
5692
5693
5694
5695
5700
5701
5702
5704
5705
5706
5707
5708
5709
5710
5713
5714
5715
5717
5718
5719
581
5978
60673
627
6389
6390
6391
6392
64446
64764
64837
6506
6507
6647
6648
6667
6804
6874
6875
6908
7019
7052
7157
7186
7277
7278
7280
7350
7381
7384
7385
7386
7388
7416
7417
7419
774
7802
7846
7979
79861
81027
8218
83447
83544
836
8408
841
842
84516
84617
84699
84701
84790
8632
8678
8701
89953
9001
90993
9167
9377
9519
9586
9706
9776
9821
9861
