Human NCBI Gene ID
10000
100506742
1017
1026
10454
10488
10971
114609
1147
1385
1386
1387
1388
1432
148022
148327
1642
1643
1654
1869
1870
1871
1959
1960
2002
2033
207
208
2185
23118
2353
23586
2885
29110
317
3265
332
3339
3439
3440
3441
3442
3443
3444
3445
3446
3447
3448
3449
3451
3452
3454
3456
353376
355
3551
356
3569
3576
3654
3661
3665
369
3716
3717
3718
3725
3845
4088
4089
4214
4318
4609
4615
468
4772
4773
4775
4776
4790
4792
4893
5111
51135
5290
5291
5293
5295
5296
537
54205
5578
5579
5582
5594
5595
5599
5600
5601
5602
5603
5604
5605
5606
5608
5609
572
57506
581
5894
5925
596
5970
6300
637
64135
6416
64764
6554
6654
6655
6714
673
6772
6773
6774
6775
6776
6777
6778
6885
7040
7042
7043
7046
7048
7097
7098
7099
7124
7157
7187
7189
7297
7419
7529
7534
836
841
842
843
84699
8503
8517
8772
890
8900
898
90993
9134
9586
9641
