Human NCBI Gene ID
100532726
10681
107
108
109
111
112
113
11343
114
115
126328
1268
140679
1432
196883
200959
2166
221955
222236
22999
23236
246213
2554
2555
2556
2557
2558
2559
2560
2561
2562
2563
2564
2565
2566
2567
2568
2569
2570
2770
2771
2773
2775
2776
2782
2783
2784
2785
2786
2787
2788
2790
2791
2792
2793
2890
2891
2892
2893
2911
2915
3708
3709
3710
374291
3760
3762
3763
3765
4535
4536
4537
4538
4539
4540
4541
4694
4695
4696
4697
4698
4700
4701
4702
4704
4705
4706
4707
4708
4709
4710
4711
4712
4713
4714
4715
4716
4717
4718
4719
4720
4722
4723
4724
4725
4726
4728
4729
4731
51079
51764
5330
5331
5332
54331
54539
5566
5567
5568
5578
5579
5582
55879
5594
5595
55967
55970
5599
5600
5601
5602
5603
56901
57030
57084
57406
5743
59345
6300
747
773
774
775
776
778
779
94235
