Human NCBI Gene ID
100532726
10063
10476
10488
10632
107
108
10818
10891
109
10975
111
112
113
11343
114
115
116228
123096
125965
126129
126328
1268
1327
1329
1337
1339
1340
1345
1346
1347
1349
1350
1351
1352
1353
1355
1374
1375
1376
137682
1385
1386
1432
148327
152831
1537
155
170712
196883
2180
2181
2182
2260
23028
23305
2475
25915
26291
2641
27089
27330
2778
284184
285521
2885
28958
29078
29796
3265
341947
353500
374291
3845
388753
3991
4217
440567
4508
4509
4512
4513
4514
4519
4535
4536
4537
4538
4539
4540
4541
4694
4695
4696
4697
4698
4700
4701
4702
4704
4705
4706
4707
4708
4709
4710
4711
4712
4713
4714
4715
4716
4717
4718
4719
4720
4722
4723
4724
4725
4726
4728
4729
4731
4878
4879
4881
4893
493753
498
506
509
51079
51103
51241
51287
513
514
51412
51422
515
51548
516
517
51703
51780
518
521
522
5346
53632
539
54539
5468
55471
5562
5563
5564
5565
5566
5567
5568
5571
55744
55811
55818
5592
5593
55967
5600
5603
5606
56901
57104
57492
57521
60
6009
6194
6195
6196
6197
6198
6199
6300
6389
6390
6391
6392
63976
64223
64764
65260
656
6595
6597
6598
6599
6601
6602
6603
6604
6605
6654
6655
71
7248
7249
7350
7381
7384
7385
7386
7388
788
79133
8110
8193
8289
84335
84699
84701
84987
86
90639
90993
9167
91942
9377
9551
9586
9658
