Human NCBI Gene ID
10000
10105
10213
10524
10528
10939
11047
11273
11317
115209
116443
116444
143471
146227
1600
207
208
2081
2259
22863
23130
23152
23236
23369
2475
25814
26100
2776
2890
2891
2892
2902
2903
2904
2905
2906
291
2911
292
293
2959
29982
30849
342371
3516
3708
3709
3710
3748
3752
387332
4217
4287
441925
4654
4800
487
488
489
4976
5173
5289
5290
5291
5293
5295
5296
5330
5331
5332
54205
55062
55102
55626
5578
5579
5582
5599
5601
5602
5649
56652
5682
5683
5684
5685
5686
5687
5688
5689
5690
5691
5692
5693
5694
5695
5700
5701
5702
5704
5705
5706
5707
5708
5709
5710
5713
5714
5715
5717
5718
5719
60673
6095
6261
6310
6311
6315
6511
6667
6712
6908
7186
7222
7416
7417
7419
7436
7494
773
7979
83447
8408
8503
8678
90550
92552
9519
9698
9706
9776
9821
9861
