Human NCBI Gene ID
10000
10092
10093
10094
10095
10096
10097
10109
10163
102723407
10451
10454
10458
10552
114548
1147
1398
1399
1432
147179
148022
1793
207
208
2185
2212
23118
2335
23365
23396
2353
2533
27040
27330
2776
29108
29110
2932
3456
3551
3553
3558
3569
3576
3586
3606
3654
3661
3676
3678
3688
3725
382
387
391
3932
3937
3984
4210
4615
4772
4773
4775
4790
4792
51135
5290
5291
5293
5295
5296
5335
5585
5586
5594
5595
5599
5600
5601
5602
5603
5604
5605
5606
5608
5609
57180
5747
5829
58484
5879
5880
5881
5970
60
6093
6195
6196
6197
6300
6347
63916
6416
64283
644150
653857
6714
6885
7099
71
7124
7186
7189
7409
7410
7454
7456
7535
81873
834
8394
8395
8503
8517
8874
8935
8976
9138
920
925
926
927
9475
9564
9815
9844
998
