Human NCBI Gene ID
10000
1026
1027
112398
112399
1387
1536
160287
1906
1950
1956
1977
1978
2023
2026
2027
2033
2056
2064
207
208
226
229
230
2321
2475
253314
2597
284
285
2872
3091
3098
3099
3101
3162
3458
3459
3460
3479
3480
3569
3570
3630
3643
387712
3939
3945
3948
405
4055
4790
4843
4846
4878
5054
51378
5160
5161
5162
5163
5209
5211
5213
5214
5230
5232
5290
5291
5293
5295
5296
5335
5336
54583
5578
5579
5582
5594
5595
5604
5605
596
5970
6194
6198
6199
6513
6774
6921
6923
7010
7018
7037
7076
7099
7422
7428
80201
815
816
817
818
8453
8503
8569
92483
9470
9978
