Human NCBI Gene ID
10023
102723796
102800317
10297
11197
11211
122011
1387
144165
1452
1454
1457
1459
1460
147111
147495
1487
1488
1499
1501
164284
166336
1855
1856
1857
2033
2239
22943
23002
23236
23291
23401
23500
2487
2535
25776
25805
27101
27121
27123
27130
283106
284654
2932
29964
324
340419
343637
3725
387
4007
4040
4041
4088
4089
4316
440193
4609
4772
4773
4775
4776
4919
4920
50964
51176
51384
51701
5176
5330
5331
5332
54361
5467
54894
5530
5532
5533
5534
5535
55366
5566
5567
5568
5578
5579
5582
5599
5601
5602
5663
56998
57216
57680
5879
5880
5881
59343
59352
595
6259
6422
6423
6424
6425
64321
6477
64840
6500
6885
6907
6932
6934
7088
7089
7090
7091
7157
7471
7472
7473
7474
7475
7476
7477
7478
7479
7480
7481
7482
7483
7484
7855
79718
7976
79816
80319
80326
8061
81029
815
816
817
818
81839
8312
8313
8321
8322
8323
8324
8325
8326
83439
84133
84445
8454
84870
85407
85409
8549
8607
8840
894
8945
896
89780
90665
9350
9475
9978
