Human NCBI Gene ID
100289462
1051
10758
112744
1147
132014
1432
1437
1440
1673
1994
225689
23118
2353
2354
23765
257397
27189
27190
29110
2919
2920
2921
2932
29761
3320
3326
338324
3458
3551
3553
3565
3567
3569
3576
3596
3605
3627
3725
3727
3934
4312
4314
4318
4322
4586
4790
4792
51433
53342
55540
5594
5595
5596
5597
5598
5599
5600
5601
5602
5603
5743
5970
6278
6279
6280
6300
6347
6354
6356
6361
6364
6372
6374
6426
64806
6885
7124
7128
7184
7186
7187
7188
7189
727897
8061
836
841
84818
8517
8717
8772
9618
9641
