Human NCBI Gene ID
10000
10010
10325
10533
10645
10670
11337
11345
115201
116442
118471
140775
1508
1509
1514
1612
1613
1965
203228
207
208
2081
22800
22808
22863
23130
23192
23604
23710
2475
26100
285973
29110
29982
30849
3091
3146
3265
338382
3476
3480
3630
3667
3708
3845
3916
3920
4218
440275
440738
441925
4893
51100
5170
5289
5290
5291
5293
5295
5296
53349
54541
55014
55054
55062
55102
5515
5516
55255
55578
5562
55626
5563
5566
5567
5568
5580
5588
5594
5595
5599
5601
5602
5604
5605
572
5728
57521
58476
58528
5861
5894
596
598
6009
60673
6198
6199
6237
64121
64223
643246
64419
64422
64798
664
6794
6885
7189
7248
7249
7405
7879
79065
81631
81671
83452
83734
8408
84335
84557
8471
84938
84971
8503
8660
8673
8678
8837
8878
8897
89849
9110
9140
9342
9451
9474
9706
9711
9776
9821
