Human NCBI Gene ID
100134444
100137049
1026
10368
10369
10398
10645
107
108
109
111
112
113
114
115
123745
140465
146850
163688
1827
1938
1956
196883
2002
23236
2353
23533
255189
27091
27092
2770
2771
2773
2775
2776
2778
283748
2977
2982
2983
29904
3265
340156
3708
3709
3710
3725
3759
3760
3761
3762
3763
3765
3768
3770
3845
387
4208
4637
4638
4659
4660
4772
4773
4775
4776
4846
4878
4881
4882
4893
5020
5021
51422
51806
5294
5321
5330
5331
5332
53632
54776
5499
5500
5501
5530
5532
5533
5534
5535
5562
5563
5564
5565
5566
5567
5568
5571
5578
5579
55799
5582
5594
5595
5598
5604
5605
5607
57118
57172
5743
5894
59283
59284
59285
595
5997
60
6093
6261
6262
6263
6714
71
7226
775
776
778
779
781
782
783
784
785
786
801
805
808
810
814
815
816
817
818
8536
85366
8605
8681
91807
91860
9254
93589
9475
952
