Human NCBI Gene ID
10000
10254
1026
10379
10401
11009
1154
116379
122809
1270
1271
133396
1387
1437
1438
1439
1440
1441
1442
1443
1489
149233
163702
1950
1956
2033
2056
2057
207
208
2273
23529
246778
2475
2670
2688
2689
2690
282616
282617
282618
2885
29949
30837
316
3265
338376
3439
3440
3441
3442
3443
3444
3445
3446
3447
3448
3449
3451
3452
3454
3455
3456
3458
3459
3460
3467
3558
3559
3560
3561
3562
3563
3565
3566
3567
3568
3569
3570
3572
3574
3575
3578
3581
3586
3587
3588
3589
3590
3592
3593
3594
3595
3596
3597
3598
3600
3601
3716
3717
3718
386653
3952
3953
3976
3977
4170
4352
4609
5008
50604
50615
50616
5154
5155
5156
51561
51588
5159
5290
5291
5292
5293
5295
5296
53832
53833
55801
5617
5618
56832
5771
5777
5781
5894
58985
59067
595
596
598
64109
6654
6655
6772
6773
6774
6775
6776
6777
6778
7066
7297
8027
8503
85480
8554
8651
8835
894
896
9021
9063
9180
9306
9466
9655
