Human NCBI Gene ID
100101267
10073
10189
10250
10284
10482
10526
10527
10762
10921
11097
11260
11269
129401
1434
1915
1917
22794
22916
22985
23039
23165
23214
23225
23279
23511
23534
23633
23636
25909
26019
2733
29107
30000
348995
3836
3837
3838
3839
3840
3841
3842
3843
387082
392517
402569
4116
4686
4927
4928
51068
51194
51808
53371
5411
55110
55161
55308
55705
55706
55746
55916
56000
56001
57122
57187
57510
5901
5903
5905
59343
5976
6396
64328
64901
65109
65110
6612
6613
7175
728343
7329
7341
7514
79023
7919
79228
79711
79902
80145
8021
8086
81929
84305
84321
8480
8563
91181
94026
9631
9670
9688
9775
9818
9883
9939
9972
9984
