Human NCBI Gene ID
10000
10018
100532726
10062
1050
10975
125965
126328
1327
1329
1337
1339
1340
1345
1346
1347
1349
1350
1351
1432
1537
1571
1649
170712
1965
207
208
2081
22877
2353
27089
2931
2932
29796
341947
355
3551
3552
3553
356
3569
3570
3576
3630
3643
3667
3725
374291
3952
3953
4217
4296
440567
4512
4513
4514
4519
468
4694
4695
4696
4697
4698
4700
4701
4702
4704
4705
4706
4707
4708
4709
4710
4711
4712
4713
4714
4715
4716
4717
4718
4719
4720
4722
4723
4724
4725
4726
4728
4729
4731
4790
51079
51085
51094
51422
5290
5291
5293
5295
5296
5313
53632
54205
54539
5465
5468
5562
5563
5564
5565
5571
55967
5599
5600
5601
5602
5603
56901
581
5879
5970
6256
6300
637
6389
6390
6391
6392
6720
6945
7040
7124
7132
7186
7381
7384
7385
7386
7388
7494
79602
836
83737
840
841
84701
8503
8660
9021
9167
9370
9377
9451
998
