Human NCBI Gene ID
10000
10018
10038
10039
100506742
10376
1075
10912
112714
113457
1147
142
143
1439
1508
1509
1512
1513
1514
1515
1519
1520
1521
1522
153090
1616
1647
1649
1676
1677
1965
2021
207
208
2081
2353
27113
27429
3002
317
3265
329
330
331
332
355
3551
356
3562
3563
3708
3709
3710
3725
3845
4000
4001
4170
4217
4616
468
472
4790
4792
4803
4893
4914
5170
51807
5290
5291
5293
5295
5296
5366
5414
54205
55367
5551
5594
5595
5599
5601
5602
5604
5605
56616
572
578
5783
581
5894
596
597
5970
598
60
637
63970
6708
6709
71
7124
7132
7157
7185
7186
7277
7278
7846
79861
823
824
835
836
839
840
841
842
843
84790
84823
8503
8517
8717
8722
8737
8739
8743
8772
8795
8797
8837
9020
9131
9451
