Human NCBI Gene ID
10000
10092
10093
10094
10095
10096
10097
10109
10152
10163
10297
10298
103910
10398
10451
10458
10552
10627
10672
106821730
1072
1073
10787
10788
1128
1129
1131
1132
1133
128239
1398
1399
1729
1730
1793
1902
1950
1956
200576
207
208
2147
2149
221178
2245
2246
2247
2248
2249
2250
2251
2252
2253
2254
2255
2260
2261
2263
2264
22800
22801
22808
23191
2335
23365
23396
26281
26291
26999
27006
2768
2846
28964
28984
2909
2934
29895
3071
324
3265
340156
345456
3630
3645
3655
3672
3673
3674
3675
3676
3678
3679
3680
3681
3682
3683
3684
3685
3687
3688
3689
369
3690
3691
3693
3694
3695
3696
375189
3827
3845
387
3984
3985
4342
4478
4627
4628
4629
4633
4636
4638
4659
4660
4893
5058
5062
5063
50649
5154
5155
5156
5159
5216
5217
5290
5291
5293
5295
5296
5305
54434
54776
54961
5499
5500
5501
55740
55845
5594
5595
55970
56034
5604
5605
56924
57121
57144
57180
5747
5829
58498
5879
5880
5881
5894
5962
60
6093
623
6237
624
6387
653857
6548
6654
6655
6714
673
7074
71
7114
727
729
730
731
732
733
735
7409
7410
7414
7430
7852
79784
79837
80310
8074
81
81624
81873
8394
8395
8396
8503
8515
8516
85366
85464
85477
87
8817
8822
8823
8826
8874
8936
8976
89846
9087
9138
9170
91807
93408
9459
9475
9564
9965
998
