Human NCBI Gene ID
1017
1019
1021
1026
1027
1029
10297
1030
1031
10488
107
108
109
11091
111
112
11211
113
114
115
1385
1386
1388
1392
1394
1395
148327
1499
1583
1584
1586
1589
183
185
1855
1856
1857
1869
1870
1871
1956
196
196883
2271
23236
23746
2516
2535
2767
2770
2771
2773
2776
2778
2932
3164
324
3283
3284
3708
3709
3710
3739
3776
3777
3949
405
4158
4221
4297
468
5087
50940
51176
51384
5151
51655
5330
5331
5332
54361
5443
54554
5566
5567
5568
5594
5595
5604
5605
56246
57552
5906
5908
5925
5929
595
64764
6667
673
6770
6932
6934
7471
7472
7473
7474
7475
7476
7477
7478
7479
7480
7481
7482
7483
7484
775
776
778
779
7855
7976
79798
80326
8085
81029
815
816
817
818
8312
8313
8321
8322
8323
8324
8325
8326
83439
84699
84876
8622
8911
8912
8913
89780
898
9049
9070
90993
9101
9134
949
9586
