Human NCBI Gene ID
10000
10053
100913187
10298
10454
10681
106821730
1072
1073
1111
1147
115004
1174
1234
130340
1398
1399
140564
1432
162
163688
164
1642
164668
200315
200316
207
208
2185
23118
23291
2353
2475
25939
27350
2767
2770
2771
2773
2775
2776
2782
2783
2784
2785
2786
2787
2788
2790
2791
2792
2793
29110
2923
3105
3106
3107
3133
3134
3135
3265
340061
3439
3440
3441
3442
3443
3444
3445
3446
3447
3448
3449
3451
3452
3456
355
3551
356
3654
3661
3708
3709
3710
3725
3845
3984
3985
4615
472
4772
4773
4775
4776
4790
4792
4893
494551
5058
5062
5063
51135
51764
51806
5290
5291
5293
5295
5296
5335
5336
54205
54331
545
5530
5532
5533
5534
5535
5578
5579
5582
5594
5595
55970
5599
5600
5601
5602
5603
5604
5605
5606
5608
5609
567
56924
57144
572
5747
578
581
5829
5879
5880
5881
5894
59345
596
5970
598
60489
6198
6199
6300
637
6500
684
6885
6890
6891
6892
6921
6923
7097
7099
7124
7132
7133
7186
7188
7189
7465
7852
801
805
8065
808
810
811
836
841
842
8450
8451
8454
8503
8517
85363
85417
8717
8737
8772
8905
8906
8907
891
8945
9133
915
916
917
91860
919
920
94235
9582
9616
9730
983
995
9978
