Human NCBI Gene ID
10000
10111
10114
1017
1019
1021
1026
1029
1030
10758
10912
1111
11200
132660
1432
144715
147746
163688
1647
1869
1870
1871
1874
1875
1978
204851
207
208
2113
22800
22808
2305
2308
2309
23291
23411
2475
2626
286826
28996
291
292
293
3105
3106
3107
3133
3134
3135
3265
3364
3486
3552
3569
3576
3708
3709
3710
3805
3845
4087
4088
4193
4361
4605
4609
4616
4683
472
4772
4773
4775
4776
4790
4893
5054
51806
5290
5291
5293
5295
5296
545
5481
54822
5499
5500
5501
5530
5532
5533
5534
5535
5594
5595
55957
5600
5603
5604
5605
5606
5608
5728
5810
5883
5894
5925
5928
5933
5934
59341
595
5970
6009
6237
6300
677
678
7040
7042
7043
7046
7048
7157
7248
7249
7416
7417
7419
776
801
805
808
810
823
824
83447
83593
8503
85417
8878
890
8900
891
894
8945
896
898
90550
9133
9134
91750
91860
9261
983
993
