Human NCBI Gene ID
10148
112744
1147
1432
149233
196
2353
246778
2475
2625
27040
30009
3091
3108
3109
3111
3112
3113
3115
3117
3118
3119
3122
3123
3125
3126
3127
3320
3326
3458
3459
3460
3551
3553
3554
3556
3558
3559
3560
3561
3565
3566
3569
3570
3572
3594
3605
3662
3716
3717
3718
3725
3932
4087
4088
4089
4772
4773
4775
4790
4792
4793
4794
50615
50616
50943
51561
5335
5530
5532
5533
5534
5535
5588
5594
5595
5599
5600
5601
5602
5603
59067
5914
5970
6095
6097
6256
6257
6258
6300
6772
6774
6776
6777
6778
7040
7046
7048
7297
7535
8517
861
915
916
917
919
920
9466
