Human NCBI Gene ID
100526842
100529097
100529239
102723407
103
10379
10747
11224
114548
1147
115004
140032
140801
1432
1437
1440
1536
1636
1675
1839
185
1956
200916
2147
2162
2165
2197
2212
2243
2244
2266
23118
23521
2353
23586
25873
29110
340061
3439
3440
3441
3442
3443
3444
3445
3446
3447
3448
3449
3451
3452
3454
3455
3456
3551
3553
3558
3569
3570
3572
3576
3592
3593
3627
3654
3661
3716
3725
3921
4142
4153
4312
4314
4599
4600
4615
4736
4790
4792
4793
4938
4939
4940
51065
51121
51135
51187
51284
51311
5290
5291
5293
5295
5296
5335
5336
5578
5579
5582
5594
5595
5599
5600
5601
5602
5603
5610
5648
57506
59272
5970
6122
6123
6124
6125
6128
6129
6130
6132
6133
6134
6135
6136
6137
6138
6139
6141
6142
6143
6144
6146
6147
6152
6154
6155
6156
6157
6158
6159
6160
6161
6164
6165
6166
6167
6168
6169
6170
6171
6173
6175
6176
6181
6187
6188
6189
6191
6192
6193
6194
6201
6202
6203
6204
6205
6206
6207
6208
6209
6210
6217
6218
6222
6223
6224
6227
6228
6229
6230
6231
6232
6233
6234
6235
629
6300
6347
6403
64135
6772
6773
6774
6850
6868
6885
7097
7098
7099
7113
712
7124
713
7132
714
715
716
717
718
7187
7189
719
720
721
727
728
729
7297
730
731
7311
732
733
735
7450
834
8503
8517
8829
9045
9349
9636
9641
