Human NCBI Gene ID
10000
10006
10092
10093
10094
10095
10096
10097
10109
10120
10121
10333
10376
10381
10382
10383
103910
10392
10398
10454
10540
10552
10627
10640
10671
10787
10810
11035
112574
11258
112714
113146
113457
114548
114609
1147
127829
140735
1432
1434
147700
1499
1639
1778
1780
1781
1783
1785
197259
203068
207
208
23118
2316
2317
2318
23191
23207
23265
23339
2353
23643
257364
257397
25828
2597
26084
26263
26999
27072
27128
29108
29109
29895
302
3071
3265
329
330
3320
3326
338382
345456
347688
347733
3551
3553
3569
3576
3606
3654
3725
375
375189
3798
3799
3800
382
3831
3836
3839
3840
387
388
391
399
4074
4609
4615
4633
4636
4646
4671
4790
4792
5058
5063
51135
51143
51164
51176
51209
51429
51626
51807
5216
5217
5286
5287
5288
5289
5290
5291
5293
5294
54106
5420
54205
55207
55770
55823
55845
5585
55860
5594
5595
5599
5600
5601
5602
5603
5604
5605
5606
5608
5609
57180
57381
57617
578
5788
581
58484
58498
5868
5869
5878
5879
5894
5898
596
5970
60
60412
6188
6237
6281
6300
63916
6416
64601
64746
64837
6500
65082
653857
6885
6932
6934
6990
6993
7097
7099
71
7100
7124
7132
7184
7186
7189
7277
7278
7280
7295
7846
7879
79026
79443
79659
79792
79861
81027
81873
834
83439
83547
836
83657
83658
837
838
840
841
84516
84617
84790
8517
8655
8677
8717
8737
8743
8767
8772
8795
8797
8976
89953
9265
9266
9267
929
93408
9367
9475
9648
9842
9844
998
