Human NCBI Gene ID
10000
1019
1027
113026
1277
1278
1281
1282
1284
1285
1286
1287
1288
1432
1536
1729
177
183
185
1906
1958
207
208
2152
2277
2308
23236
2335
27035
3265
3383
3552
3553
3569
3576
3717
3725
3845
4087
4088
4089
4313
4772
4790
4846
4893
50507
5054
51196
5290
5291
5292
5293
5295
5296
5330
5331
5332
5333
5335
5336
5578
5579
5580
5581
5590
5594
5595
5599
5600
5601
5602
5603
581
5879
595
596
5970
6300
6347
6401
6772
6774
6776
6777
7040
7042
7043
7046
7048
7056
7124
7412
7422
7423
7424
836
84812
8503
998
