Human NCBI Gene ID
10000
1019
1026
1027
1029
1031
10498
10683
107
107987478
107987479
108
109
111
112
113
114
115
1432
1564
1565
182
1839
1869
1870
1871
1956
196883
2064
207
208
2099
2100
2353
2475
25759
2778
28514
2852
2885
3265
3479
3480
369
3714
3725
3845
399694
4193
4313
4318
4851
4853
4854
4855
4893
5290
5291
5293
5295
5296
53358
54567
5469
5566
5567
5568
5594
5595
5599
5600
5601
5602
5603
5604
5605
572
5747
581
5894
5925
595
596
6198
6199
6300
638
6464
6654
6655
6667
6714
673
7157
8202
8503
8647
9611
