Human NCBI Gene ID
100289462
100653049
102723407
10747
125115
147183
162605
1667
1668
1669
1670
1671
1672
1673
1675
1828
192666
2204
2209
2212
2213
2214
2215
2266
2357
2358
2359
25984
3075
3108
3109
3111
3112
3113
3115
3117
3118
3119
3122
3123
3125
3126
3127
3383
342574
3426
353288
3586
3683
3684
3689
3857
3858
3859
3860
3861
3866
3868
3872
3875
3880
3881
3882
3883
3884
3885
3886
390792
414325
4153
5340
54474
55894
5648
5724
629
6403
6404
712
713
714
715
716
717
718
719
720
721
727
728
728358
820
8687
8688
8689
9103
