Human NCBI Gene ID
10000
1017
1019
1026
1029
1030
1031
10393
10488
10524
107
10744
108
109
111
1111
112
11200
113
114
1147
115
115650
119504
1385
1386
1387
1388
1437
148327
1739
1869
1870
1871
1958
1959
196883
200186
2002
2005
2033
207
208
2113
2114
2224
23373
2353
246184
25847
25906
2648
2874
291
292
293
29882
29945
3105
3106
3107
3108
3109
3111
3112
3113
3115
3117
3118
3119
3122
3123
3125
3126
3127
3133
3134
3135
3265
331
3383
3551
3554
3558
3559
3560
3561
3569
3600
3601
3683
3689
3716
3718
3725
3845
387332
3932
4049
4055
4085
4087
4088
4089
4214
4215
4316
4487
4488
4609
468
472
4772
4773
4775
4776
4790
4791
4792
4801
4893
51433
51434
51529
5290
5291
5293
5295
5296
5423
545
5530
5532
5533
5534
5535
5566
5567
5568
55697
5594
5595
5599
5601
5602
5604
5605
567
5728
581
5901
5902
5925
595
5970
5971
598
6416
64682
64764
64784
6513
6688
6722
6776
6777
6908
6929
701
7015
7040
7042
7043
7046
7048
706
7094
7124
7132
7157
7416
7417
7419
7514
7538
7850
8061
811
821
8295
83447
83660
8379
84699
8498
8503
8517
8697
8829
8850
8881
890
8900
894
896
898
9020
90993
9133
9134
915
916
917
9184
920
9232
9519
958
9586
9700
991
996
