Human NCBI Gene ID
10008
10136
11136
117247
120103
1277
1278
1280
1281
1282
1284
1285
1286
1287
1288
1289
1290
1291
1292
1293
1294
1295
1296
1297
1298
1299
1300
1301
1302
1303
1305
1306
1307
1308
1310
131873
1357
1358
1359
1360
1361
136227
1504
1506
153201
169044
1803
2006
206358
23428
23436
23439
255631
256076
285641
340024
340267
3769
3783
3784
4224
4225
4311
440387
476
477
478
480
481
482
483
486
50509
51032
5222
54407
5547
5644
5645
5646
57642
59272
63036
643834
643847
6505
6510
6519
6520
6543
6546
6547
6550
6564
7373
7512
80781
81578
84570
85301
8645
9056
91522
