Human NCBI Gene ID
10000
10018
100533105
10110
10161
1017
1019
1021
1026
1027
102723407
10319
10488
10681
10971
1101
11140
1128
1129
1147
117145
118788
1277
1278
1280
1282
1284
1285
1286
1287
1288
1291
1292
1293
1297
1298
1299
1311
131873
1385
1386
1388
1435
1436
1440
1441
1442
1443
146850
148327
1902
1942
1943
1944
1945
1946
1950
1956
1969
1975
1977
1978
200186
2056
2057
2064
2065
2066
2069
207
208
2149
2246
2247
2248
2249
2250
2251
2252
2253
2254
2255
2260
2261
2263
2264
2277
22798
22801
23035
2309
2321
2322
2323
23239
2324
2335
23533
23566
23678
2475
253314
2538
256076
26281
26291
2668
2688
2689
2690
27006
2782
2783
2784
2785
2786
2787
2788
2790
2791
2792
2793
28227
284
284217
2846
285
2885
2932
29941
2997
2998
3082
3164
3265
3320
3326
3371
3381
3439
3440
3441
3442
3443
3444
3445
3446
3447
3448
3449
3451
3452
3454
3455
3456
3479
3480
3481
3551
3558
3559
356
3560
3561
3562
3563
3565
3566
3569
3570
3574
3575
3630
3643
3655
3667
3672
3673
3674
3675
3676
3678
3679
3680
3685
3688
3690
3691
3693
3694
3695
3696
3716
3717
3718
374
3791
3815
3845
3908
3909
3910
3911
3912
3913
3914
3915
3918
4170
4193
4233
4254
4515
4602
4609
468
4790
4803
4804
4846
4893
4902
4908
4909
4914
4915
5008
5105
5106
51378
5154
5155
5156
5159
5170
51764
5228
5290
5291
5293
5294
5295
5296
54331
54541
55012
5515
5516
5518
5519
5520
5521
5522
5523
5525
5526
5527
5528
5529
5562
5563
5578
55844
5585
5586
5594
5595
55970
56034
5604
5605
5617
5618
5623
5649
57121
572
5728
5747
57521
57818
5879
5894
5934
59345
595
596
5970
5979
598
6009
6194
6198
6199
6256
627
63923
64223
6446
64764
6654
6655
6696
672
6794
6850
7010
7039
7057
7058
7059
7060
7097
7099
7143
7148
7157
7184
7248
7249
7422
7423
7424
7448
7450
7529
7531
7532
7533
7534
80310
8074
8115
842
84699
8503
8515
8516
8517
8817
8822
8823
894
896
898
9048
90993
9134
9170
9180
9223
92579
930
94235
9470
9586
9623
9863
9965
