Human NCBI Gene ID
10000
10021
10257
10398
10411
10451
10488
107
108
1080
1081
10846
109
11069
111
11149
112
1128
1129
113
114
115
116
116443
116444
117
122876
1258
1259
1260
1261
1262
134
135
1385
1387
1392
1394
1395
139760
148327
153
154
163688
170589
1812
1813
1816
1906
1907
1908
1909
196883
2033
207
208
2149
22800
23439
2353
2488
2492
2550
2641
268
2693
2695
2696
27198
2735
2737
2740
2770
2771
2773
2778
2867
2890
2891
2892
2893
2902
2903
2904
2905
2906
3350
3351
3352
3354
3355
3360
3362
338442
3725
3776
387
3972
3973
3991
4158
4301
4659
476
477
4772
478
4790
4792
480
481
482
483
4852
486
487
4878
488
4881
4886
489
490
491
492
493
5020
5021
5058
51
51196
5139
5140
5141
5142
5143
5144
51738
51806
5290
5291
5293
5295
5296
5337
5338
5348
5350
5443
5465
54714
5499
5500
5501
5566
5567
5568
55811
5594
5595
5599
5601
5602
5604
5605
56670
572
5727
5732
5733
5879
5880
5881
5894
5906
5908
5970
6093
610
6237
6262
627
64091
64208
64399
64411
64764
6548
6662
673
6750
6751
6752
6755
7074
7137
7252
7253
7409
7410
7432
7434
775
776
778
779
801
805
808
810
814
815
816
817
818
8310
84152
84699
84876
8503
8843
90993
91860
9475
9568
9586
