Human NCBI Gene ID
100310812
100505767
100996746
1017
102723555
102723849
10393
10459
105180391
107
10734
10744
108
109
10971
111
112
113
114
115
119504
132864
1432
151648
163688
196883
22849
23291
245711
246184
25847
25906
26271
27127
27330
285955
286151
29882
29945
3479
3480
3630
367
3708
3709
3710
387778
388333
4085
4342
441272
441273
442590
51433
51434
51529
51806
5241
5347
5499
5500
5501
5515
5516
5518
5519
5525
5526
5527
5528
5529
5530
5532
5533
5534
5535
5566
5567
5568
5594
5595
5600
5603
5604
6195
6196
6197
6300
64506
64682
6500
6790
699
729597
7529
7531
7532
7533
7534
801
80315
805
808
810
815
816
817
818
8243
8379
8454
8697
8881
891
8945
898
89869
9088
9126
9133
9134
91860
9232
9700
9748
983
991
995
996
9978
9985
