Human NCBI Gene ID
10013
10014
102724334
10488
10645
10681
111
114483833
115482686
116443
116444
121504
126961
128312
135
136
1385
1386
1388
1392
148327
158983
163688
1644
1812
1813
2030
221613
2354
255626
25759
2770
2771
2773
2775
2778
2782
2783
2784
2785
2786
2787
2788
2790
2791
2792
2793
286436
2885
2902
2903
2904
2905
2906
3012
3013
3014
3015
3017
3018
3020
3021
3065
3066
3177
317772
3265
333932
369
3845
399694
4128
4129
440093
440689
468
474381
474382
4852
4893
4915
51564
5173
51764
51806
53358
54145
54331
5499
5500
5501
55315
554313
55506
5566
5567
5568
5569
55766
55869
5594
5595
55970
5604
5894
59345
627
6464
64764
6531
653604
6570
6571
6654
6655
673
7054
723790
79885
801
805
808
810
814
8290
8294
8329
8330
8331
8332
8334
8335
8336
8337
8338
8339
8340
8341
8342
8343
8344
8345
8346
8347
8348
8349
8350
8351
8352
8353
8354
8355
8356
8357
8358
8359
8360
8361
8362
8363
8364
8365
8366
8367
8368
8369
8370
83740
83933
84152
84254
84699
8520
85235
85236
8841
8968
8969
8970
90993
91860
92815
94235
94239
9555
9586
9734
9759
