Human NCBI Gene ID
10000
1026
10451
10818
10855
11211
117581
1277
1278
1432
1499
1514
1634
1655
1839
1956
1975
2002
2017
2064
2065
2066
207
208
2099
2247
2260
22800
22808
2316
2317
2318
2335
23365
2475
2535
2549
2719
27250
2817
286
287
288
2885
29102
3059
3082
3091
3236
3265
3316
3339
3479
3480
3481
3549
355
356
3593
3673
3678
3685
3688
369
3690
3693
3708
3709
3710
3791
3845
387
388112
4060
406902
406903
406991
4087
4193
4233
4313
4318
4478
4609
4659
4660
4893
5058
51196
51384
5170
5290
5291
5293
5295
5296
5328
5329
5335
5336
54361
54776
5499
5500
5501
5566
5567
5568
5578
5579
5582
5594
5595
5600
5603
5604
5605
5727
5747
5777
5781
5829
5879
5894
595
5962
60
60495
6093
6194
6198
6199
6237
6300
6382
6383
6385
6469
6548
6608
6654
6655
6714
673
6774
7023
7040
7042
7057
7074
7078
7097
7099
71
7124
7157
7291
7409
7410
7422
7430
7448
7471
7472
7473
7474
7475
7476
7477
7478
7479
7480
7481
7482
7483
7484
7855
7976
79923
80326
81029
815
816
817
818
8321
8322
8323
8324
8325
8326
836
84309
8503
857
858
859
867
8826
89780
9138
9475
960
967
998
