Human NCBI Gene ID
10000
1019
1021
1026
1029
10488
10672
10681
107
108
109
111
112
11214
113
114
1147
115
115004
1230
1232
1234
1385
1386
1388
1398
1399
1432
148327
1499
163688
1869
1870
1871
1956
196883
1978
2002
207
208
2185
23236
23365
2475
2767
2768
2770
2771
2773
2775
2776
2778
2782
2783
2784
2785
2786
2787
2788
2790
2791
2792
2793
2885
29110
2923
2932
3105
3106
3107
3133
3134
3135
3265
340061
3439
3440
3441
3442
3443
3444
3445
3446
3447
3448
3449
3451
3452
3456
355
3551
3553
3554
356
3569
3570
3576
3579
3587
3588
3661
3685
3690
3708
3709
3710
3716
3845
387
388372
414062
4193
4609
468
4772
4773
4775
4776
4790
4792
4893
5156
51764
51806
5290
5291
5293
5295
5296
5330
5331
5332
54205
54331
5530
5532
5533
5534
5535
5566
5567
5568
5578
5579
5582
5594
5595
55970
5600
5603
5604
5605
5608
567
5731
5732
5733
5734
5743
5747
578
581
5829
5879
5880
5881
5894
5925
59345
595
5970
6009
6093
6198
6199
6300
6347
6348
6349
6351
6352
637
6376
6387
64764
6654
6655
6667
6714
6774
6890
6891
6892
7124
7132
7157
7186
7188
7248
7249
7422
7852
801
805
808
810
811
836
841
842
84699
8503
8517
8717
8737
8772
90993
9138
91860
94235
9475
9560
9564
9586
9826
