Human NCBI Gene ID
10000
100529063
1019
1021
10241
103
10379
10482
10898
11100
114548
1147
1387
148022
1965
2033
207
208
2224
23430
23586
23633
291
29107
29108
29110
292
293
3108
3109
3111
3112
3113
3115
3117
3118
3119
3122
3123
3125
3126
3127
317
3337
3383
3439
3440
3441
3442
3443
3444
3445
3446
3447
3448
3449
3451
3452
3454
3455
3456
3458
3459
3460
355
3551
3552
3553
356
3569
3576
3592
3593
3606
3627
3661
3665
3716
3717
3836
3838
3841
390748
402569
4261
4599
4600
4615
4790
4792
4793
4928
4938
4939
4940
51135
51284
5290
5291
5293
5295
5296
5340
5371
54205
5578
5579
55916
5594
5595
56000
56001
5604
5605
5610
5611
5644
5645
5646
56649
57506
578
581
5894
5970
60
6041
6347
6352
637
64135
642843
64499
6772
6773
7098
7099
71
7113
7124
7132
7177
7187
728343
7297
7416
7514
7706
79671
8106
834
83447
836
841
842
8480
8503
8517
8717
8743
8766
8772
8795
8797
896
9021
90865
91543
9230
9407
9641
