Human NCBI Gene ID
10000
100653049
10488
10499
107
108
109
111
112
113
114
115
125115
1385
1386
1388
147183
148327
1509
162605
163688
1839
192666
1956
196883
207
208
2099
2100
2288
2289
23236
2353
2550
25759
25984
2770
2771
2773
2775
2776
2778
2852
2885
2911
3265
3303
3304
3305
3310
3312
3320
3326
342574
353288
3708
3709
3710
3725
3760
3762
3763
3765
3845
3857
3858
3859
3860
3861
3866
3868
3872
3875
3880
3881
3882
3883
3884
3885
3886
390792
399694
4313
4318
468
4846
4893
4988
51806
5241
5290
5291
5293
5295
5296
5330
5331
5332
53358
5443
54474
5566
5567
5568
5580
5594
5595
5604
5605
5894
5914
596
6464
64764
6654
6655
6667
6714
7031
7039
7184
801
805
808
810
8202
84699
8503
8648
8687
8688
8689
90993
9166
91860
9568
9586
