Human NCBI Gene ID
10015
100287171
100526767
10092
10093
10094
10095
10096
10097
10109
10193
10254
10552
10564
10565
10617
10890
10938
11021
11031
11059
11267
112936
11311
116983
116984
116985
116986
116987
116988
1173
1175
118813
119016
1211
1212
1213
1234
128866
131890
137492
138429
147179
155382
156
157
160
1601
161
163
1759
1785
1956
2060
2261
2263
2264
22841
22905
23096
23111
23325
23327
23362
23396
2348
2350
2352
23527
23550
23624
253725
254122
25978
26052
26056
26119
26286
27128
27131
27183
27243
273
274
2868
2869
2870
28964
29082
29924
29934
30011
30844
30845
30846
3105
3106
3107
3133
3134
3135
3265
3303
3304
3305
3310
3312
3480
3482
3559
3560
3561
3577
3579
375
377
378
3798
3799
3800
381
382
387
387680
3949
408
4087
4088
409
414189
4193
4218
440073
4734
50807
50855
51019
51028
51100
51160
5119
51324
51510
51534
5156
51652
51699
5337
5338
5371
55040
55048
55616
55680
55737
55738
5584
5590
56288
5662
56904
57132
57154
57180
57403
58513
58533
5867
5868
5869
5878
6011
60682
64145
642517
64411
644150
6455
6456
6457
64744
64750
653857
6642
6643
6714
7037
7046
7048
7189
7251
729092
7456
7852
7879
79643
79720
80223
80230
8027
81873
8218
829
830
832
83737
8394
8395
8411
84249
84313
84364
84440
84552
84612
857
858
859
867
868
8723
8724
8729
8766
8853
8976
89853
9101
9135
9146
91782
9230
92421
9265
9266
9267
93343
93661
9372
9525
9559
9727
9744
9765
9798
9815
9829
9897
9922
998
