Human NCBI Gene ID
10207
102800317
10297
10413
10971
11186
11211
122786
126374
1453
1454
1490
1495
1496
1499
151449
154796
166824
1739
174
1740
1741
1742
1855
1856
1857
2246
23286
23291
23418
23513
2535
25937
26524
268
27113
2736
286204
29119
2932
324
329
330
332
3397
3398
353500
3689
374
392255
3993
3996
4086
4087
4088
4089
4092
4609
4771
5054
50855
51176
51384
54361
5499
5500
5501
5515
5516
5518
5519
5520
5521
5522
55233
5584
55844
5590
56288
595
60
60485
64398
650
652
653
654
655
656
657
658
659
6591
6657
6788
6932
6934
7003
7004
7005
7040
7042
7043
7046
7048
71
7159
7161
7471
7472
7473
7474
7475
7476
7477
7478
7479
7480
7481
7482
7483
7484
7529
7531
7532
7533
7534
7855
7976
79981
80326
81029
8200
8312
8313
8321
8322
8323
8324
8325
8326
83439
84552
84612
8463
84962
85407
85409
894
8945
896
89780
8994
9113
9231
92597
999
