Human NCBI Gene ID
10000
100532726
10105
10476
10975
1215
125965
126328
1277
1278
1281
1327
1329
1337
1339
1340
1345
1346
1347
1349
1350
1351
1375
1376
142
1432
1509
1535
1536
1537
1636
170712
177
183
185
207
208
23236
2475
2539
25874
2597
2673
27089
291
292
293
2932
2936
29796
2997
2998
341947
347411
3630
3643
3667
374291
4087
4088
4313
4318
440567
4508
4509
4512
4513
4514
4519
4535
4536
4537
4538
4539
4540
4541
4688
4689
4694
4695
4696
4697
4698
4700
4701
4702
4704
4705
4706
4707
4708
4709
4710
4711
4712
4713
4714
4715
4716
4717
4718
4719
4720
4722
4723
4724
4725
4726
4728
4729
4731
4790
4846
487
488
489
498
506
509
51079
513
514
515
516
5160
5161
5162
5164
5165
5166
51660
517
518
522
5290
5291
5293
5295
5296
5330
5331
5332
5350
539
54539
5465
5499
5500
5501
5524
5578
5579
5580
5582
5590
55967
5599
5600
5601
5602
5603
56901
5728
5879
5880
5970
5972
6262
6300
6389
6390
6391
6392
6513
6517
653361
6667
7040
7042
7043
7046
7048
7137
7381
7384
7385
7386
7388
7416
7417
7419
815
816
817
818
83447
84701
8503
9167
9377
948
9882
9945
