Human NCBI Gene ID
10873
10993
113675
128
132158
1373
137362
1431
1737
1738
1743
189
1892
2023
2026
2027
2098
2203
221823
226
2271
229
22934
230
2539
25796
2597
26007
26227
26275
2645
2653
2731
2746
2747
275
2805
2806
2821
283871
2875
29968
3098
3099
3101
3417
3418
3419
3420
3421
35
38
387712
39
414328
4190
4191
4199
4200
4329
441531
4594
48
4967
50
5091
5095
5096
51
51179
5160
5161
5162
5211
5213
5214
5223
5224
5226
5230
5232
5313
5315
54363
55753
55902
5631
5634
5723
6120
6389
6390
6391
6392
6470
6472
6888
7086
7167
729020
80201
8277
8310
83440
84076
84532
84693
847
84706
8789
8801
8802
8803
9104
9563
