Human NCBI Gene ID
100130933
100507027
10105
102723407
10345
107
108
10800
109
1128
1129
113
113026
1131
1133
1139
114
115
116443
116444
135
136
146
147
148
153
154
155
163688
1812
1816
185
1909
1910
1950
1956
196883
2064
2065
2066
2149
2185
219931
2246
2247
2248
2249
2250
2251
2252
2253
2254
2255
2260
2261
2263
2264
2277
22953
2321
23236
2324
255231
26281
26291
2668
27006
2767
2769
2774
2776
2778
2902
2903
2904
2905
2906
291
2911
2915
292
2925
293
3082
3269
3270
3274
3356
3357
3358
3360
3361
3362
3363
340156
3706
3707
3708
3709
3710
3791
3973
401152
4233
444
4485
4486
4638
4772
4773
4775
4776
4803
4842
4843
4846
487
488
489
490
491
4914
4915
4916
492
4923
493
5021
5023
5024
5025
5026
5027
51196
5136
5137
5153
5154
5155
5156
5159
51806
5255
5256
5257
5260
5261
5330
5331
5332
5333
5335
5336
53373
5350
552
55283
553
5530
5532
5533
5534
5535
5566
5567
5568
5578
5579
5582
56034
56413
56848
57105
57118
57172
57192
5724
5731
5733
5737
57620
5979
623
624
6261
6262
6263
6543
6546
6547
6588
6786
6865
6869
6870
6915
7039
7125
7134
7201
7416
7417
7419
7422
7423
7424
773
774
775
776
777
778
779
7852
7942
801
80228
80271
80310
805
8074
808
810
814
815
816
817
818
83447
844
845
84812
84876
8536
85366
8817
8822
8823
886
887
8877
8911
8912
8913
89869
90550
9127
91807
91860
93129
952
9630
9965
