Human NCBI Gene ID
10000
10134
1017
1019
10207
1021
1026
1027
10297
10312
10319
10379
10474
10488
1101
1108
11211
11317
1147
122011
127124
1277
1278
1280
1282
1284
1285
1286
1287
1288
1291
1292
1293
1297
1298
1299
1311
131873
1385
1387
1452
148022
148327
1499
155066
1739
1740
1741
182
1855
1856
1857
1869
1950
1956
1978
2033
207
208
22798
22801
2308
2335
23352
23462
23493
23513
23545
245972
245973
2475
2535
256076
26508
27175
2778
28227
284217
2885
29110
2932
3065
3066
3105
3106
3107
3133
3134
3135
324
3265
3280
3371
3381
3439
3440
3441
3442
3443
3444
3445
3446
3447
3448
3449
3451
3452
3454
3455
3456
3516
355
3551
356
3655
3659
3661
3672
3673
3674
3675
3676
3678
3679
3680
3685
3688
3690
3691
3693
3694
3695
3696
3716
3845
387332
388585
3908
3909
390992
3910
3911
3912
3913
3914
3915
3918
3955
3993
3996
4193
4242
4599
4600
472
4790
4799
4851
4853
4854
4855
4893
50617
50855
51382
51384
5159
51606
523
525
526
527
528
529
5290
5291
5293
5295
5296
5315
533
534
535
537
54361
545
54626
55012
5515
5516
5518
5519
5520
5521
5522
5523
5525
5526
5527
5528
5529
55502
55534
5566
5567
5568
5584
55844
5590
5594
5595
5604
5605
5610
56288
5649
5663
5700
572
5728
5734
5743
5747
578
57801
581
5829
5894
5925
5933
5934
595
5970
5986
6009
6198
6199
63923
64398
64764
6654
6655
6696
6772
6773
6908
6932
6934
7015
7057
7058
7059
7060
7098
7124
7132
7143
7148
7157
7187
7248
7249
7283
7297
7337
7422
7448
7450
7471
7472
7473
7474
7475
7476
7477
7478
7479
7480
7481
7482
7483
7484
7855
7976
80326
81029
8312
8313
8321
8322
8323
8324
8325
8326
83439
836
841
84441
84552
84612
84667
84699
8503
8515
8516
8517
8638
8717
8772
890
8900
894
896
89780
898
8992
90423
90993
9114
9134
9223
92359
9296
9368
9519
9550
9586
9636
9641
9794
998
