Human NCBI Gene ID
100529063
10189
10250
10284
10482
10767
10898
10914
10921
10978
11051
11052
11269
124540
132430
140886
1477
1478
1479
2107
22794
22916
22985
23049
23283
23293
23381
23435
23708
2521
26019
26528
26986
2733
28227
29101
29107
2935
29894
340529
390748
392517
4116
4440
4686
5042
51585
51692
53918
53981
5411
5499
5500
5501
55012
55110
5515
5516
5518
5519
5520
5521
5522
5523
5525
5526
5527
5528
5529
55308
55339
55844
55916
56000
56001
56903
5976
642843
645974
64895
65109
65110
728343
7919
79869
80335
80336
8106
81608
8189
84305
8731
8732
8761
9775
9887
9939
