Human NCBI Gene ID
102723407
10319
107
1277
1278
1281
1282
1284
1285
1286
1287
1288
1437
1511
22798
23236
2335
2767
2769
2774
2776
2778
284217
2919
2920
2921
3315
338382
3458
3553
3554
3569
3576
3586
3592
3593
3684
3689
383
384
3908
3909
3910
3911
3912
3913
3914
3915
3918
4583
4790
4843
5052
5269
5272
5273
5275
5290
5291
5293
5295
5296
5330
5331
5332
5566
5567
5568
5578
5579
5582
5747
5868
5869
5878
5970
6317
6318
7040
7042
7043
7097
7099
7124
731
732
733
735
7414
7850
7879
81
836
8503
87
909
910
911
912
913
929
9630
