Human NCBI Gene ID
100532726
10105
10131
10213
10376
10381
10382
10383
10476
10975
11047
111
112714
11315
113457
118424
120892
125965
126328
1327
1329
1337
1339
1340
1345
1346
1347
1349
135
1350
1351
143471
147700
1537
1616
163688
1649
170712
1812
1813
1843
1965
201266
203068
2081
221074
22926
23516
25800
25828
27089
27173
27429
2770
2771
2773
2774
2778
283375
2861
291
292
293
29796
29985
29986
317
3309
341947
347688
347733
3708
3709
3710
374291
3798
3799
3800
3831
4128
4129
4137
4217
440567
4508
4509
4512
4513
4514
4519
4535
4536
4537
4538
4539
4540
4541
468
4694
4695
4696
4697
4698
4700
4701
4702
4704
4705
4706
4707
4708
4709
4710
4711
4712
4713
4714
4715
4716
4717
4718
4719
4720
4722
4723
4724
4725
4726
4728
4729
4731
4780
4891
498
506
5071
509
51079
513
514
51465
515
516
517
518
51806
51807
522
5335
539
5413
54205
54539
55334
55630
5566
55669
5567
5568
55967
5599
5601
5602
5682
5683
5684
5685
5686
5687
5688
5689
5690
56901
5691
5692
5693
5694
5695
5700
5701
5702
5704
5705
5706
5707
5708
5709
5710
5713
5714
5715
5717
5718
57181
5719
581
598
6233
6263
6389
6390
6391
6392
64116
64837
65018
6531
6570
6571
6622
6647
7054
7157
7277
7278
7280
7295
7311
7314
7316
7317
7318
7326
7327
7332
7345
7381
7384
7385
7386
7388
7416
7417
7419
7494
7846
7922
7979
79861
801
805
808
810
81027
815
816
817
818
83447
836
842
84617
84701
84790
89953
90550
91252
9167
91860
9246
9377
9451
9627
9817
9861
9927
