Human NCBI Gene ID
10000
102724428
10488
108
10891
126129
1374
1375
1385
1386
1387
139420
148327
150094
160287
163688
200186
2033
207
208
2203
2308
23235
23236
23411
2538
2641
2642
2645
2776
2778
2997
2998
31
32
3276
3708
3709
3710
3939
3945
3948
441531
468
5105
5106
5140
51422
5160
5161
5162
51806
5207
5211
5213
5214
5223
5224
5255
5256
5257
5260
5261
5315
5330
5331
5332
53632
5465
5530
5531
5532
5533
5534
5535
5562
5563
5564
5565
5566
5567
55671
5568
5571
57223
57818
5834
5836
5837
64764
6513
6514
801
805
808
810
815
816
817
818
84699
8789
90993
91860
92483
92579
9586
