Human NCBI Gene ID
10000
100132463
100288814
100506658
10062
1017
1019
10197
1021
1026
10379
10686
10971
1147
1364
1365
1366
137075
148022
149461
1499
1869
1870
1871
1950
1956
1965
207
208
23562
23586
24146
26285
27102
2885
29110
2932
317
3265
3434
3439
3440
3441
3442
3443
3444
3445
3446
3447
3448
3449
3451
3452
3454
3455
3456
3458
355
3551
356
3627
3646
3661
3665
369
3716
3845
3949
439996
440275
4599
4600
4609
4790
4792
4893
4938
4939
4940
49861
5010
51208
5290
5291
5293
5295
5296
53842
54205
5465
5515
5516
5518
5519
5520
5521
5522
55844
5594
5595
5604
5605
5610
572
57506
578
581
5894
5925
595
5970
6041
6256
637
644672
6654
6655
673
6772
6773
6774
7098
7122
7124
7132
7157
7186
7187
7189
7297
7529
7531
7532
7533
7534
836
841
842
8503
8517
8554
8717
8737
8772
8837
9021
9069
9071
9073
9074
9075
9076
9080
91543
9451
949
9641
975
