Human NCBI Gene ID
10000
100532726
10105
10327
10476
10861
10975
1109
1147
115019
119391
125965
126328
1327
1329
1337
1339
1340
1345
1346
1347
1349
1350
1351
1432
1535
1537
1543
1544
1545
1571
1572
1645
1646
170712
1728
1836
1950
1956
196
2052
2053
207
208
221357
2309
2353
23683
25
253152
25865
27
27035
27089
2885
291
292
293
2938
2939
2940
2941
2944
2946
2947
2948
2949
2952
2953
29796
3082
3091
3162
3265
341947
3551
369
3725
374291
3845
4025
405
4217
4233
4257
4258
4259
440567
4508
4509
4512
4513
4514
4519
4535
4536
4537
4538
4539
4540
4541
4688
4694
4695
4696
4697
4698
4700
4701
4702
4704
4705
4706
4707
4708
4709
4710
4711
4712
4713
4714
4715
4716
4717
4718
4719
4720
4722
4723
4724
4725
4726
4728
4729
4731
4780
4790
4792
4893
498
50507
506
509
51079
513
514
515
516
517
5170
518
52
522
5290
5291
5293
5295
5296
5337
5338
539
54539
5580
5587
5594
5595
55967
5599
5600
5601
5602
5603
5604
5605
5609
56901
572
5728
57412
5747
5770
5781
5795
5879
5894
5970
6300
6389
6390
6391
6392
6416
65010
653361
653689
6647
6648
6654
6655
6714
673
7381
7384
7385
7386
7388
7416
7417
7419
7422
79852
83447
847
84701
8503
8517
8644
873
9020
9167
9377
9446
9817
