Human NCBI Gene ID
100008587
100008588
100008589
100169751
100169753
100169754
100169755
100169756
100169757
100169758
100169759
100169760
100169761
100169762
100169763
100169764
100169765
100169766
100169767
100169768
10171
101929601
101929627
10199
102157402
10248
10436
10482
10528
10556
10557
10607
106631781
106632260
106632264
10775
10799
10813
10885
10940
109616984
109616985
109617015
109617016
109864272
109864273
109864274
109864280
109864281
109864282
109910380
109910381
109910382
124900922
124901220
124901221
124901505
124901506
124901507
124901508
124901509
124901858
124901859
124901860
124902100
124902101
124902595
124902596
124902847
124903435
124903436
124903594
124903595
124904151
124904381
124904666
124904668
124904669
124904802
124904804
124904983
124905065
124905290
124905291
124905292
124905415
124906193
124906194
124906195
124906377
124906378
124906379
124906380
124906381
124906382
124907672
134430
138716
1457
1459
1460
166378
1736
2091
22803
23160
23195
23560
25996
26354
26851
27341
283106
28987
29102
29107
29889
345630
3692
4809
4931
51068
51077
51096
51119
51367
51602
54433
54464
54552
54913
55127
55131
55226
55272
55341
55505
55651
55781
55813
55916
56000
56001
57455
5822
5901
6023
65083
6949
728343
7514
780851
780852
780853
780854
79631
81691
83732
84128
84135
84916
92856
9724
9790
