Human NCBI Gene ID
1026
10488
10568
10672
107
108
10893
109
111
112
11214
113
114
115
1385
1386
1388
142680
148327
1591
1594
1839
1956
1958
196883
2260
23236
2353
2625
2767
2768
2770
2771
2773
2776
2778
369
3708
3709
3710
3727
387
4040
4041
408
409
4205
4208
4209
4322
4323
4324
4325
4326
4666
468
4929
50964
5141
5142
5143
5144
5330
5331
5332
5337
5338
5566
5567
5568
5578
5579
5582
5594
5595
5604
56302
5741
5744
5745
5894
596
6256
6257
6258
632
64386
64764
6569
6667
673
7421
8074
846
84699
8521
860
8600
90993
9138
9247
9365
9368
9586
9826
9935
