Human NCBI Gene ID
10000
10488
10683
107
10720
10728
108
109
10941
111
112
113
1136
1137
1139
114
1141
1143
115
119391
1385
1386
1388
148327
153
154
1543
1544
1545
155
1555
1576
164091
182
1869
1950
1956
196
196883
1978
2052
2053
207
208
2099
2100
221357
2247
2248
2249
2250
2251
2252
2253
2254
2255
2353
23633
23746
2475
253152
26281
27006
27330
2770
2771
2773
2778
28514
2885
2938
2939
2940
2941
2944
2946
2947
2948
2949
2952
2953
3265
331
332
3320
3326
367
3717
3725
3836
3837
3838
3839
3840
3841
3845
402569
405
406881
406882
406883
406884
406886
406887
406888
406889
406890
406891
406933
407021
407024
407025
407026
408
409
4257
4258
4259
4609
468
4790
4853
4893
5241
5290
5291
5293
5295
5296
54490
54567
54575
54576
54577
54578
54579
54600
5465
54657
54658
54659
54852
55584
5566
5567
5568
5578
5579
5582
5594
5595
5604
5605
572
574537
5894
5925
595
596
5970
604
6195
6196
6197
6198
6199
6256
6257
6258
64764
653689
6654
6655
6714
6774
6776
6777
688
7184
7363
7364
7365
7366
7367
7421
7422
7471
773
774
775
776
778
779
79799
79852
84699
8503
85315
8600
8817
8822
8823
896
9049
90993
9314
9446
9586
9641
990
993
9970
