Human NCBI Gene ID
10000
10013
10014
10105
102723407
102724334
10533
114483833
115482686
1182
1183
1184
121504
126961
128312
1378
1379
1432
1511
1535
1536
158983
177
1991
207
208
2209
2212
2214
2215
221613
2243
2244
2266
23236
23569
2357
2358
2359
2475
255626
27180
2811
286436
291
292
293
3012
3013
3014
3015
3017
3018
3020
3021
3065
3066
3146
317772
333932
366
3674
3683
3684
3689
3690
4353
440093
440689
4688
4689
474381
474382
4790
51284
51311
51564
5290
5291
5293
5295
5296
5330
5331
5332
5335
5336
54145
554313
55506
55766
5578
5579
5582
55869
5594
5595
5600
5603
5604
5605
566
5879
5880
5894
5970
60
6300
6403
6404
64581
653361
653604
6714
6850
6885
7097
7099
71
718
723790
727
728
7416
7417
7419
7450
79792
79885
820
8290
8294
8329
8330
8331
8332
8334
8335
8336
8337
8338
8339
834
8340
8341
8342
8343
8344
83447
8345
8346
8347
8348
8349
8350
8351
8352
8353
8354
8355
8356
8357
8358
8359
8360
8361
8362
8363
8364
8365
8366
8367
8368
8369
837
8370
83740
83933
8503
8520
85235
85236
8841
8968
8969
8970
92815
94239
9555
9734
9759
