Human NCBI Gene ID
10
100
10005
10007
100137049
10020
10026
100526760
100526794
100528021
100528030
100532726
10063
100861540
10135
10157
10170
10195
10201
102157402
10229
10243
102724560
10312
10314
10317
10327
10329
10331
1036
10380
10390
1040
10400
10402
10423
10449
10476
10554
10555
10558
1056
10585
10588
10606
10610
10632
10654
10678
10682
10690
107
10715
10720
10728
10768
10797
108
10825
10840
10841
10846
10855
10873
109
10901
10905
10919
10941
10965
109703458
10975
10993
10998
11019
11041
1109
111
11105
11112
11145
11164
1118
11181
11185
1119
112
1120
11226
11227
11238
112483
11253
112724
112817
11282
11283
112849
11285
113
113026
11320
11343
113451
113612
113675
114
114805
115
115024
1152
1158
1159
1160
116255
116285
117248
119391
119548
120071
120227
121278
122481
122618
122622
122970
123099
123263
123688
123745
123876
124
124454
124583
124975
125
125061
125965
125981
126
126328
126792
127
127124
127281
127550
128
128869
129607
129642
129807
130
130013
130367
130589
131
1312
131669
131870
132
132158
1327
132789
1329
133121
133686
1337
1339
1340
134147
1345
134526
1346
1347
1349
1350
1351
135152
1352
1353
1355
1371
1373
137362
137964
138050
138199
138429
139189
140838
142827
1431
144193
144245
144811
145226
146664
148789
1491
15
1503
150572
150763
151056
151531
152586
1537
154141
1543
1544
1548
154807
1549
155066
1551
1555
1557
1558
1559
1562
1571
1573
157506
1576
1577
158
158067
1581
1582
1583
1584
1585
1586
1588
158835
1589
159
1591
1592
1593
1594
1595
160287
1603
160428
1606
1607
1608
160851
1609
1610
1621
162417
162466
1629
1633
1635
1638
1644
1645
1650
166929
168391
169355
170712
1716
1717
1718
1719
1723
1728
1737
1738
1743
1757
178
1786
1788
1789
1798
18
1806
1807
1841
1854
189
1890
1892
191
192134
195814
1962
196883
197257
197258
197322
199857
200576
200895
201562
201595
2023
2026
2027
203
204
204219
205
2053
2058
2098
210
211
212
2122
2131
2132
2134
2135
2137
2145
2146
216
217
218
2180
2181
2182
2184
219
2194
220
220074
2203
221
221264
221357
2218
221823
222
2222
2224
223
2235
224
226
2271
2272
22845
22856
22875
22876
229
22908
22928
22929
22933
22934
22978
230
23007
23057
23067
231
23127
23175
23193
23205
23236
2326
2327
2328
2329
2330
23305
23382
23396
23408
23409
23410
23411
23417
2346
23464
23474
23475
23483
23498
23530
23545
23553
23556
2356
23600
23632
23646
23729
23743
23761
239
240
242
245972
245973
246
247
248
249
250
251
2523
2524
2525
2526
2527
2528
2529
2530
2531
253430
253558
253782
2538
2539
254531
2548
255043
255189
256435
2571
2572
257202
25796
2581
2582
2583
25834
2584
2585
2588
2589
2590
25902
2591
2592
259230
2593
259307
2595
25961
2597
26
26007
26035
2618
262
26227
26229
26275
26279
2628
26289
2629
26290
26301
2632
26330
2639
2643
2645
2650
2651
2653
2673
2677
2678
2683
2686
2687
26873
270
27010
27034
27087
27089
27090
271
2710
27115
2712
27124
27159
27165
2717
272
2720
27231
27232
27235
2729
27294
2730
27306
2731
27349
2739
27430
2744
2746
2747
275
2752
276
2762
2766
277
278
279
2799
28
280
2805
2806
2821
2822
283208
283209
283358
283459
283748
283871
284004
284098
284161
284716
284958
2875
2876
2877
2878
2879
2880
2882
290
29071
29072
2936
2937
2938
2939
2940
2941
2944
2946
2947
2948
2949
2950
2952
2953
2954
2977
29785
29796
2982
2983
2984
2986
2987
29880
2990
29906
2992
29920
29922
29925
29926
29929
29940
29954
29956
29958
29968
2997
2998
30
3000
3028
3029
3030
3032
3033
3034
3052
3067
3073
3074
3081
30814
30815
30833
3098
3099
31
3101
314
3141
3145
3155
3156
3157
3158
316
3162
3163
3176
317749
318
32
3242
3251
326625
3283
3284
3290
3291
3292
3293
3294
3295
33
3340
3373
337876
338707
339221
339896
339983
34
340485
340665
341392
3417
3418
3419
341947
3420
3421
3422
3423
3425
346606
348158
349565
35
353
36
3612
3613
3614
3615
3620
3628
3631
3632
3633
3635
3636
37
3703
3704
3705
3706
3707
3712
373156
374291
374378
374659
374875
377677
377841
3795
38
383
384
387521
387522
387712
387787
387893
39
3906
391013
3930
3938
3939
3945
3948
3990
3992
401494
4047
4048
4051
4056
410
411
412
4121
4122
4124
4128
4129
4141
4143
414328
4144
4190
4191
4199
4245
4247
4248
4249
4257
4258
4259
427
4282
4297
4329
4337
4338
435
4351
4357
438
440
440138
440567
441024
441282
441531
442117
443
445
4507
4508
4509
4512
4513
4514
4519
4522
4524
4534
4535
4536
4537
4538
4539
4540
4541
4548
4594
4597
4598
4668
4669
4694
4695
4696
4697
4698
47
4700
4701
4702
4704
4705
4706
4707
4708
4709
471
4710
4711
4712
4713
4714
4715
4716
4717
4718
4719
4720
4722
4723
4724
4725
4726
4728
4729
4731
4758
4759
479
48
4830
4831
4832
4833
4837
4842
4843
4846
4860
4881
4882
4907
493869
493911
494143
4942
495
4952
4953
496
4967
498
50
5009
501
5019
5033
5048
50484
50487
5049
5050
5051
5053
506
50614
50617
50700
50814
509
5091
5092
50940
5095
5096
51
51004
51005
51020
5105
51056
5106
51060
51071
51074
51079
51084
51091
51102
51109
51111
51144
51166
51179
51181
51196
51227
51251
51268
51292
513
5130
51301
5136
5137
5138
51380
51382
5139
514
5140
5141
5142
5143
5144
5145
5146
5147
51477
51478
5148
5149
51495
515
5150
5151
5152
5153
51540
51547
51548
5158
516
5160
51601
51604
51606
5161
5162
5167
5168
5169
517
51703
51727
51733
51763
518
51805
51809
51816
5188
5198
52
5207
5208
5209
521
5211
5213
5214
522
5223
5224
5226
523
5230
5232
5236
5238
525
526
527
5277
5279
528
5281
5283
5286
5287
5288
5289
529
5290
5291
5293
5294
5297
5298
53
5305
5313
5315
5319
5320
5321
5322
533
5330
5331
5332
5333
53343
5335
53354
5336
5337
5338
534
535
5351
5352
53630
537
5372
5373
539
53947
54
5406
5407
5408
5409
54187
54205
54344
54363
54480
54490
54498
54511
54539
54575
54576
54577
54578
54579
54600
54657
54658
54659
54675
5471
54802
548596
54872
54898
549
54904
54905
54928
54947
54963
54965
54979
5498
54981
54988
54995
55034
55163
55191
55217
55224
55256
55276
55277
55278
55300
55301
55304
55312
55326
55331
55349
55361
5538
554235
55454
55500
55512
55526
55556
55568
55577
55586
55613
55624
55627
55650
55748
55750
55753
55790
55808
55811
55821
55862
55870
55902
55904
55907
55967
56052
5625
56267
5631
5634
56474
56603
56623
56624
56848
56894
56895
56901
56913
56922
56950
56953
56954
56979
56985
56994
570
57016
57026
57103
57104
57134
57171
5723
5728
5730
5740
5742
5743
57452
574537
57494
57571
57678
57704
57733
57818
5805
5831
5832
5833
5834
5836
5837
58472
58478
58497
58508
58510
5859
586
5860
587
593
59344
594
5959
5973
60481
60490
60495
60496
6120
6121
6184
6185
622
6240
6241
6296
6303
6307
6309
6319
6342
635
63826
6389
6390
6391
63917
6392
63976
64064
64080
64087
64131
64132
641371
6419
64324
64377
644
64409
64419
6448
645
64577
64579
64600
646625
6470
6472
64754
6476
64768
64781
6480
64802
6482
6483
64834
6484
64841
64850
6487
6489
64900
64902
65220
65258
65263
653689
654364
65985
6609
6610
6611
6652
6675
6677
669
6697
6713
6715
6716
6718
6723
6783
6785
6820
6821
683
6839
686
6888
6898
6916
6999
7054
7083
7084
7086
7108
7166
7167
7173
7263
7264
728819
729020
7298
7299
729920
730249
7306
7357
7358
7360
7363
7364
7365
7366
7367
7368
7371
7372
7378
7381
7384
7385
7386
7388
7389
7390
7468
7498
759
760
761
762
763
765
766
767
768
771
7799
7841
790
79001
79017
79053
79071
79077
79087
79094
79147
7915
79153
79178
7920
7923
79369
7941
79586
79603
79611
79623
79644
79646
79695
79709
79717
79723
79796
79799
79813
79814
79823
79837
79868
79888
79944
79966
79993
80017
80025
80055
80142
80146
80150
80168
80201
80270
80271
80308
80339
80347
8050
8085
80854
80896
81490
81537
81579
81616
81849
81888
81889
8228
8277
8309
8310
83401
83440
83539
83549
83594
8372
83852
8394
8395
8396
8398
8399
84002
84076
84105
84197
8424
84245
84274
84284
84444
84532
84618
84620
84647
84649
84693
847
84701
84706
84720
84735
84787
84803
84812
84869
84890
84892
84920
84992
85007
8509
8513
8525
8526
8527
8528
8529
85365
8540
85465
8560
8564
8566
8605
8608
8611
8612
8613
8622
8623
8630
8639
8644
8654
8659
8681
8692
8693
8694
8702
8703
8704
8705
8706
8707
8708
873
8733
874
875
8760
8776
8789
8790
8801
8802
8803
8813
8818
8821
883
8833
8854
8867
8869
8871
8875
8876
8877
8879
8897
8898
8908
8942
8972
8974
8985
89869
8991
8992
9
9027
90423
9054
9060
9061
9091
91012
9104
9107
9108
9110
9114
91373
9162
9167
91734
9197
9200
92126
9215
9227
9245
92483
9249
92579
92935
9296
93034
93100
93166
93183
9331
9334
93432
9348
9365
9374
9377
9380
9388
94005
9415
9446
9453
9468
9486
9487
9488
9489
95
9514
9517
952
9524
953
9536
954
955
9550
9551
956
9562
9563
957
9583
9588
9615
9651
9663
97
9739
9757
978
9791
98
9869
9896
9942
9945
