Human NCBI Gene ID
10000
100137049
10092
10093
10094
10095
10096
10097
10109
10163
102723407
10451
10552
1072
1073
10810
123745
1398
1399
1785
1793
207
208
2209
2212
2213
2214
2215
23396
255189
27040
273
274
283748
2934
3055
3635
3636
382
3984
3985
4067
4082
4651
5058
50807
5290
5291
5293
5295
5296
5321
5335
5336
5337
5338
55616
5578
5579
5580
5581
5582
5594
5595
5604
56848
57180
5788
5879
5880
5894
6198
6199
65108
653361
653857
6850
7408
7409
7410
7454
81873
8394
8395
8398
8503
85477
8605
8611
8612
8613
8681
8853
8877
8936
9846
998
