Human NCBI Gene ID
100137049
107
108
109
111
112
113
114
115
123745
1432
1573
162514
163688
196883
2150
23236
239
255189
2776
2778
283748
3269
3356
3357
3358
3479
3553
3554
3556
3708
3709
3710
3827
40
41
4803
4914
5029
51393
51802
51806
5290
5291
5293
5295
5296
5321
5330
5331
5332
5335
5336
5499
5500
5501
55515
5566
5567
5568
5578
5579
5580
5581
5582
5583
5588
5599
5600
5601
5602
5603
5606
5608
5732
5734
59341
623
624
6300
6714
7442
79054
801
805
808
810
815
816
817
818
8398
8503
8605
8681
8989
91860
9311
