Human NCBI Gene ID
10000
10235
10411
10451
10636
107
108
109
11069
111
112
113
114
115
1268
135
136
1398
1399
1432
1435
1436
1499
1500
163688
1813
1902
1942
1943
1944
1945
1946
1950
1956
196883
1969
207
208
2149
2246
2247
2248
2249
2250
2251
2252
2253
2254
2255
2260
2261
2263
2264
2277
22808
23094
2321
23236
2324
23566
2357
23683
2533
25780
25865
26037
260425
26281
26291
27006
27040
2770
2771
2773
2775
2776
2778
284
2846
285
2889
2902
2903
2904
3082
3265
3397
345456
3479
3480
3630
3643
3674
3683
3684
3688
3689
3690
375189
3791
3815
3845
387
3937
4233
4254
4301
4803
4804
4893
5028
50855
51196
51378
51466
5154
5155
5156
5159
51735
51806
5216
5217
5228
5290
5291
5293
5295
5296
5330
5331
5332
5335
54518
55740
5578
5579
5582
5584
5587
5590
5594
5595
5600
5603
56034
5604
5605
5606
5608
56288
57121
57568
5879
5880
5881
5894
5898
5899
5900
5906
5908
5909
60
6237
6300
64411
6494
6714
673
7010
7057
7074
7094
71
7408
7409
7410
7422
7423
7424
801
80310
805
8074
808
810
83593
83660
84552
84612
8503
8631
8817
8822
8823
889
9002
9170
91860
9223
9564
9693
9732
9771
9855
9863
9965
998
999
