Human NCBI Gene ID
10112
10120
10121
10126
10376
10381
10382
10383
103910
10398
10540
1062
10627
10671
10749
11004
11127
11258
112714
113220
113457
124602
126820
127602
140465
140469
140735
146439
146754
146909
147700
1639
1767
1768
1769
1770
1778
1780
1781
1783
196385
200132
201625
203068
221458
22920
22989
23026
23046
23095
23303
24137
25981
26153
27019
27175
283446
285643
29895
343521
347240
347688
347733
374654
3796
3797
3798
3799
3800
3801
3831
3832
3833
3834
3835
399687
4430
4542
4619
4620
4621
4622
4624
4625
4626
4627
4628
4629
4632
4633
4634
4635
4636
4637
4640
4641
4642
4643
4644
4645
4646
4647
4648
4649
4650
4651
51143
51164
51168
51174
51175
51626
51807
53904
547
55083
55567
55582
55605
55614
55860
55930
56171
56992
57519
57576
57644
58
58498
59
60
63971
64005
64147
64446
64837
6990
6991
6993
70
71
7125
7134
7135
7136
7137
7138
7139
7140
7168
7169
7170
7171
72
7277
7278
7280
7283
7802
7846
79659
79784
79819
79861
80022
80179
81027
81930
829
830
832
83544
83657
83658
84376
84516
84617
84643
84700
84790
8632
8655
8701
8735
89953
90990
92558
93408
93661
9371
9493
9585
9928
