NCBI Gene ID
57934
57935
57923
58081
65236
65237
114428
114456
114401
142986
192328
266756
550598
317747
337810
322425
751689
557176
322694
323099
100002263
563665
323883
324015
568309
324254
566347
321590
321383
100000597
325084
325586
566559
560033
327068
557526
327204
321832
554561
334373
334571
334582
321938
563056
335474
335916
336063
336116
100005075
336504
336839
100003206
323457
337243
322221
337489
561747
321224
373867
100001532
561276
360144
373874
570216
378478
799355
494453
378972
386705
386787
399546
394235
394243
399482
399480
403138
403139
403145
404211
100006041
394136
393287
393268
394174
393417
393313
393362
393543
393550
394085
393846
393716
406269
406311
406339
406349
406364
406411
406452
406463
406466
406471
406493
406659
406768
406791
406807
406816
406820
406825
406836
556443
394034
100000252
394056
494163
415204
415155
415158
415185
405770
431715
445561
437002
556842
445234
494180
445240
403064
415099
447930
553788
449846
450006
100002318
492774
557810
555521
494039
494532
565669
503609
564088
405785
541374
541494
541530
548346
554861
550134
445091
550552
550569
560549
562585
552980
553776
573492
554123
563053
554167
563084
407686
570772
641289
641324
569698
321070
562838
677750
566547
565106
100034500
566899
560194
692289
556104
407700
403084
556734
768121
777766
568288
449958
556500
100009637
100038776
567964
571702
100001914
100149388
567611
794666
569040
570568
567497
567460
100000325
797834
100001221
555443
563560
100330810
564295
563887
564854
570965
572187
562720
100141338
569376
567969
561475
100170791
100332055
100002946
558990
560400
562569
557882
566849
100149273
100334750
100329779
100151338
569358
100536594
100149794
100007048
797357
100330801
561541
100003859
100150844
564600
393934
100002190
100537244
101243556
565756
100333114
561737
100537448
560455
565173
101910198
100334859
556873
100330105
100331428
563719
560548
30637
30681
30590
321046
30491
565074
30296
30429
30664
30654
30592
