NCBI Gene ID
57934
57935
100005469
114424
114456
142986
557176
322694
100002263
323579
323695
323818
568309
321590
325084
327068
327204
334613
563056
335474
494040
336504
336839
336933
323457
337243
570216
386705
386787
399546
394243
399482
404211
100006041
394174
393543
393550
406311
406318
406364
406411
406525
324004
406659
406666
406820
556443
394034
100000252
394056
415204
415240
445561
557996
445234
100150664
492364
562011
503600
553310
541494
554861
550258
552980
554123
449679
559334
562838
556424
692277
556104
556734
567500
100009637
100038776
571702
100001221
572187
100307098
100333543
100329879
564600
100332111
561737
100330183
100334859
100331916
30265
30741
