NCBI Gene ID
58073
58072
58074
58023
58032
60632
80972
114833
192322
100333318
553700
321808
327379
327650
406660
336421
562064
338317
353151
353221
100001532
359837
360144
368217
336121
399480
393953
393946
393998
100006675
393533
393801
393760
791563
324004
406728
573207
568726
437022
436815
445208
445076
445289
564719
100034412
563181
323630
564064
497384
566841
497649
567111
550516
550286
553656
563147
791855
497629
550436
565714
798574
570652
568191
557902
557447
407700
556087
751644
563724
791169
567746
793359
553179
553181
557026
100006888
100333145
100148976
560032
100321746
565677
100002225
565612
559273
569376
569420
100148840
560151
570108
562619
560081
100003514
557882
557353
557109
569499
571825
100332722
100538072
796595
30442
30283
30123
30265
30127
30256
30308
30128
30105
30523
30380
30363
30364
557384
30366
30369
30370
565921
30412
30171
30144
30716
30701
30654
30080
30207
30556
30510
