NCBI Gene ID
30453
58114
58082
58084
58142
57934
57935
58071
195818
246275
252846
266676
322509
561489
562365
324244
568367
556103
795537
555285
327029
407658
562052
333938
541515
335083
335110
641421
335499
336165
336681
560956
100007502
561431
445472
100003572
353247
555454
558408
369190
373080
373076
373083
474327
386701
386711
567402
393960
393452
394141
393609
393928
406297
406437
406493
406681
393882
393908
393209
394068
394163
408256
415209
494164
415175
415183
431767
436770
402809
445209
445048
100536916
445029
445473
570363
447930
447884
447906
402901
567643
558219
450006
798632
402814
562188
449979
492493
494070
100101641
100005529
544651
572690
565267
573266
550445
550479
550511
550569
550249
550267
100003026
325449
553797
554127
554168
573988
574004
677750
100318879
571487
767729
569394
767754
553436
777640
573122
561525
555705
407638
563648
550458
567045
571520
569545
563459
334108
567536
796782
564573
566086
569779
561639
100136875
566766
566034
561788
567632
565913
559005
100006612
562199
560592
566880
550547
558627
557863
100317899
565345
565563
561612
560945
799461
570113
100002038
566459
573216
100331282
100317281
100331199
556141
100334351
58004
100330443
100884147
563011
566080
558552
566481
799274
100149555
100001191
100537244
100333131
570502
556023
101884977
562676
570771
30429
30592
30627
30616
