NCBI Gene ID
30678
57934
57935
58126
60635
65236
80959
81590
81592
81593
81587
114446
114456
445278
117507
252845
286739
317747
323696
325084
569217
474349
327068
327198
327204
327263
556298
333938
334086
557693
335032
335158
550487
335232
563056
335474
563421
335916
100005075
336504
336839
322221
558920
795670
561431
368723
403310
555454
368619
368473
561276
553434
373080
373105
555703
373089
570216
403050
378845
327272
386966
100005261
394243
399482
100006041
573644
393998
393550
393501
405816
406411
406440
406493
406559
406582
406659
405757
406685
406714
335865
406820
393885
407987
403311
405887
415107
415204
415242
445561
436612
436897
436905
436639
445076
562525
449548
450006
450023
798632
558810
474323
494075
564064
563122
100005752
564081
497638
497648
554861
558720
550431
550537
550585
550254
558359
559080
403009
100004456
554168
561589
563147
100170824
619412
559634
569698
100002802
321070
562838
677750
678619
678556
570858
556104
100422734
100005566
724017
724019
556734
751760
570761
777730
559784
573122
100038776
797651
571897
555805
555737
100093706
792828
562264
568316
100535324
565459
565446
553350
562720
100141341
100005301
567621
561184
100170795
100332055
571256
100319849
566060
560400
572074
560913
793952
100334486
573216
101884950
100331226
100149273
561211
553515
100329779
563011
100001644
566080
563994
100330358
100537244
558752
559392
557209
568833
794676
567620
100329719
101882925
110437809
30222
30483
