NCBI Gene ID
57923
58022
65236
65237
114401
266756
280653
322425
323099
324211
557086
326974
557526
554561
334571
334582
322060
335916
322126
387298
368481
100001532
360144
368359
373107
373108
373874
565155
399480
403147
403145
100006041
393287
393268
393386
393650
393551
393620
393896
402938
406411
406463
406466
406529
406645
406659
393132
393890
494163
415185
405770
431715
436734
437024
403036
445223
494180
445119
415099
403013
448858
553788
100002318
492489
557810
494131
503763
405785
541530
550552
562585
571331
554167
570772
569698
641582
566547
692289
557239
407700
403084
767660
768182
567134
566811
777696
560840
571965
799412
562867
569298
567964
100007897
100149388
567611
794666
562317
567460
567417
797834
563560
100004555
100536675
100330810
557335
564295
563887
564854
570965
560841
562720
565200
569376
100149018
100148280
100002946
567448
563907
100149273
556289
564497
100333845
100536594
793200
100007048
100330160
100003859
100150844
100885851
101882558
101243556
100329462
565756
796505
792697
100330105
557816
30280
30768
30681
30591
30573
