NCBI Gene ID
58073
58072
57931
58080
58138
58023
60632
63999
80374
80972
83916
393938
170581
246224
322485
565434
324109
100333318
553700
558193
327650
334795
568846
569910
336421
562064
321107
338317
353152
353221
368329
403310
100001532
359837
360144
100006516
378478
559964
386762
569112
387260
387529
399480
399692
393460
393946
393998
393533
393504
406372
791563
406514
324004
406714
406715
406728
573207
393215
777733
403311
415242
405759
431720
432374
568726
436815
561866
445208
445076
403065
402862
564719
100034412
563181
492507
323630
493613
564064
563953
497649
550516
562585
402892
563147
791855
554265
550436
568565
565714
405791
493634
570652
100536523
568191
566351
557902
100034507
557447
407700
556087
751644
777730
777612
563724
777713
559728
793249
791169
791145
791146
567746
793359
570960
100149388
567611
794666
557026
100151416
100006888
100148976
561338
794575
556410
560032
565677
100002225
569376
557048
569420
100148840
555797
570108
100329528
562619
553532
567940
557882
557353
565771
570683
563904
565910
569499
100333455
566671
571825
100332722
571330
101886947
559036
560875
563363
100538072
101885420
100537095
30188
30222
30283
30123
30265
30127
30308
30128
30105
30523
30363
30364
557384
30366
30369
30370
565921
30412
30171
30144
30701
30654
30556
30130
30510
