NCBI Gene ID
58032
114433
114407
114408
192341
245701
245702
245699
245700
317743
557176
100002263
799566
324254
791518
555778
321664
558154
334116
334167
336088
336425
321442
561747
562064
321224
373867
368329
360144
369193
373121
378478
378963
378972
386966
399480
404036
404211
79380
394174
393953
100006675
393386
393668
402970
406311
406339
406349
406428
406496
406602
406696
406702
554477
406728
406791
393202
100000252
405790
402874
436713
436747
436815
436868
436672
445208
445028
402862
415099
447935
447836
449846
563181
493617
494477
494478
497384
566841
567111
541523
544667
550259
560549
792692
791855
570772
550436
493634
553965
559569
558487
100004455
791202
793359
100151416
100136840
403045
100329124
100135755
100002225
555974
565612
559273
563654
797150
568001
100003514
100321338
560944
555840
571050
100149794
100329385
100007048
100885851
101101687
565756
570106
561737
101910198
100002479
30262
30738
30255
30767
30682
30747
30496
30497
