NCBI Gene ID
30083
30084
30085
30086
58120
192305
393697
317745
678545
324134
324845
321720
321793
327057
327590
333997
100005551
334431
100005763
561683
335716
322089
322229
338306
368220
368909
373884
394170
393906
393641
393559
393744
402979
406259
406404
406558
406590
81540
393113
407989
415216
100005067
431724
436692
437016
436919
402854
436652
562399
447905
570547
570478
559298
445201
445245
445069
445151
445486
447928
449835
557708
474325
559295
503707
504040
550332
550502
550560
553671
554129
553701
553639
569142
557972
798022
557834
562627
571355
560486
558466
100322457
100334492
100330772
103910413
556849
556578
799449
559958
30740
30733
567734
