NCBI Gene ID
30065
58022
65236
65237
140621
140814
246227
266756
322854
323099
557526
554561
100006896
335916
360144
565155
386590
386940
387293
394198
399480
404035
404045
393287
393565
406288
406397
406463
406782
406790
494163
415185
405790
405770
437024
445119
415099
553788
559020
100002318
492346
557810
405785
541323
541530
565830
553780
554167
606616
569698
553965
566547
692289
553961
564241
562317
566604
561494
564873
563560
564295
563887
562720
100192217
100002946
557882
100149273
793507
563152
100270759
100188894
564497
794053
100536594
100334296
100003859
100538314
100885851
565756
570238
100190920
30736
30681
30591
30573
30654
