NCBI Gene ID
64272
64269
64267
64273
64612
64613
64614
64615
64616
64609
64610
64611
114457
245703
324340
555778
335821
100001838
570716
368620
387260
387529
387526
559054
393460
394148
393320
393329
393998
393561
393654
394043
432374
568726
436847
445293
445076
447807
447923
562260
564719
564064
794188
797269
571189
323301
559080
735310
557317
100136850
606660
563147
566075
541479
570652
568258
568314
557902
568631
559268
563724
777713
563130
555578
100037383
557026
570191
100148976
100136865
555598
795135
403010
797815
562619
557353
100321338
561618
559284
569499
559097
571825
100001772
101885761
30331
30468
793011
