NCBI Gene ID
30068
58025
58092
64617
65236
65237
114433
114466
117508
117509
245701
245702
245699
245700
266756
266794
280649
326283
557176
100002263
324140
553758
794088
326974
334202
321974
335232
100001936
335799
100006858
555576
336116
559281
570956
563708
368316
368329
368415
359834
368390
360144
369194
369195
378727
378478
445118
378972
399480
404211
393891
393287
394174
393548
393707
403000
402991
406304
406308
406311
406440
406473
406507
406715
406728
394088
100000252
393285
415185
405892
431763
436729
436866
403036
436905
403037
436769
403065
445289
403064
402862
563181
100002318
493609
557810
403063
494532
566841
497646
567111
563180
550537
550286
560549
565038
402857
553661
553656
553957
569698
560578
794669
678619
566899
100148413
570761
559050
767751
768202
768121
565109
100331892
790919
556286
735295
799608
564523
100151416
565576
797132
568316
403045
563560
570965
100134973
562720
100002225
563460
565612
559273
567969
100170795
100190951
100329528
572001
572074
100000750
561670
557109
792928
563884
100149273
793200
100149794
100333252
561541
100329897
100334928
100885851
561737
101910198
563719
30262
30222
30739
30767
30637
30380
30663
30658
30681
30274
30716
559111
30296
