NCBI Gene ID
58138
58140
58081
58126
58047
58048
58061
60636
60637
64274
64277
65232
65233
114467
114433
114425
114444
114401
114833
114834
564996
117603
140633
140815
140814
142986
170446
170455
170452
192295
192302
245701
245702
252851
266599
266965
266964
321364
322857
322880
321464
323269
323346
321505
323597
100000709
324109
324428
321602
325609
799637
326668
406802
327568
334465
100001936
322206
337626
368329
353314
368416
100538108
30093
373107
378480
378834
386723
386705
797512
387532
394249
404206
403079
394058
393548
393707
402991
406269
406304
406397
406426
404627
406507
791563
393141
393246
405784
405788
431763
494168
415101
436617
436898
403064
402862
415099
798771
449539
100150664
494073
494080
494101
566708
497646
503609
544667
550237
550517
100004133
568416
565038
100535003
664768
678639
562749
751704
767790
767809
768121
100093707
558760
563876
791175
100009655
555578
561924
570960
799608
100049157
564338
563090
100330598
100151416
572173
548604
100004929
100001781
100148503
797346
793920
572146
567969
557048
565975
100150137
566533
553527
555797
100320028
100002946
565484
569277
100008445
100270764
100333113
797491
569773
100536594
100330974
100537394
563715
100003859
100334928
100885851
565756
558436
571586
564728
100537332
105667211
30546
30117
30575
30680
30098
30464
30739
30332
30619
30530
30532
30245
555364
30579
30467
30637
30686
30587
557037
30486
793011
30590
30382
30310
30700
30391
30436
30080
30130
30628
30415
30452
