NCBI Gene ID
58081
64617
65225
65236
65237
170457
259250
259251
266756
317747
557176
323020
100002263
794088
556439
326825
327075
557526
327204
327263
327650
100005075
336333
336421
336529
368415
100001532
360144
555703
373872
373878
373881
556641
378972
399480
404211
100006041
394174
393953
393946
100006675
393549
403000
406311
405816
406411
406471
406582
406610
406659
406685
406728
393100
100000252
393885
415151
415185
437027
562460
445247
445289
415099
449548
450068
558810
449808
557208
563181
100002318
493602
492350
492359
557810
445168
497384
798390
503589
503609
405785
541337
550506
550585
550266
550286
560549
559425
402857
100002010
553646
553656
553981
554167
574422
570772
567548
569698
100002802
321070
565743
562838
678546
100330960
407700
768202
566563
100101464
780835
100037312
572492
555737
564867
100006888
556193
566032
565849
564295
562720
100002225
795167
100141367
402799
557286
569376
100332055
570108
100150997
100003514
100003745
557109
100149273
100329779
100150090
100001644
562282
100149794
565295
100007048
556700
100330155
100330698
100005981
100331179
565756
100332380
561737
558752
797914
559392
564517
101910198
30380
30509
30681
30590
30716
