NCBI Gene ID
58114
58071
64272
64269
64267
64273
64612
64613
64614
64615
64616
64609
64610
64611
65237
114457
170581
192322
245703
260440
266756
322485
323588
798498
324244
100333318
553700
321808
327263
327301
327379
327650
571753
334597
555432
322013
406660
336421
568265
562064
338317
353247
403310
100001532
100003223
360144
368217
336121
373076
373878
373881
100006516
378746
378972
559964
386711
567239
399480
393946
393998
393614
405816
406437
406514
406582
406598
406610
406685
393940
393100
573207
393908
393885
407980
408256
403311
415108
415107
415209
415175
415185
568726
436745
436815
436925
562460
445208
445076
449548
558810
564719
557208
100002318
492486
557810
561434
564064
497384
558806
503772
541376
550357
550428
550516
550585
560549
567212
574004
553489
560561
563147
791855
570772
550436
100002802
568565
405791
797199
570652
565158
100535196
677750
678560
100034580
555423
557902
100034540
793666
568671
569480
407700
557430
768304
777612
563724
557498
559728
568463
791169
793359
100037315
100037383
566069
557026
100006888
100148976
566032
794575
565849
556410
100126126
100321746
100141331
795135
562422
561190
558525
569376
795492
557194
560151
570108
562619
559015
568614
100005325
557353
570683
569855
564883
565910
100331199
565838
100150428
569499
100003278
100003329
100003220
100001644
562282
100149794
100333455
100007048
571825
100331116
797409
794222
100005981
100149100
101886666
101886947
100537244
558752
565173
559392
101910198
100538072
571193
100009639
101885761
30468
30681
30616
