NCBI Gene ID
30068
58100
65236
65237
797063
140634
142986
192321
246224
570636
81541
266756
322506
554135
322549
557176
323099
100002263
564921
791518
794088
325084
325712
558154
493605
326962
326975
327067
327204
321837
333979
100537318
334571
334582
321951
335709
335751
335774
335799
335916
562149
336118
559679
573021
322126
336957
557348
337696
368415
557046
360144
360149
555703
100150054
373866
378478
563972
556641
378966
378972
564379
386705
394198
399480
404211
393287
393943
394174
393426
393556
393551
393478
393493
393497
393675
393687
393700
393703
393720
393764
393776
393781
393793
402970
403000
393829
393821
406298
406301
406306
406308
406311
406359
406413
406463
406529
406599
406726
406728
406736
393202
100000252
394151
393884
394043
415243
415253
415185
431762
436762
436768
436894
436930
436968
573619
445042
445122
445129
403065
445326
445289
445291
445500
415099
447942
447887
447913
449784
449787
100150664
493781
563181
100002318
796997
492500
493609
557810
494099
403063
494532
562219
541328
541331
541390
541489
541530
799805
550451
550286
560549
554100
554101
335191
554103
553672
554125
573689
553660
553656
554154
556538
554265
641328
566723
569698
493634
553755
565743
664699
562838
403052
723997
768202
567275
791185
556286
562473
555604
572492
100003066
566370
403045
563560
557123
562720
100002225
100331939
100003679
568951
797150
560913
561670
557109
100149273
100332034
100002384
100000720
100149794
798291
100150844
100004261
100873093
565756
561737
100535363
557337
101910198
101882608
570238
100000992
100333064
30081
30380
30681
30553
30682
30716
30296
