NCBI Gene ID
192322
557176
100002263
323929
794088
325179
321808
327346
327379
562919
322041
406660
337236
337489
561747
337690
571356
373867
368717
368415
100001532
368217
336121
373124
404211
393365
394174
393953
393584
100006675
406290
406311
404620
406667
100000252
437018
436662
447840
449831
563019
492549
570007
497384
798876
565669
567938
541511
541517
548346
562585
553595
553629
553750
606579
559198
560881
556136
641570
664741
678558
558940
566642
724010
407700
563201
777716
568288
790916
791142
557324
100149388
567611
794666
569040
555920
100137124
555443
100321746
793349
322720
569376
561475
560360
560151
792527
562569
100003514
560006
100150463
449862
393838
556956
556748
559938
564478
100005033
563543
553380
100148835
100331649
564739
553253
561737
100148744
100535634
100330514
30644
