NCBI Gene ID
100005469
140621
142986
286830
286831
286832
557176
322614
337737
100002263
323561
325675
334613
335994
336471
337158
322221
321243
368243
100001532
359834
369194
369195
386705
386807
393945
403125
404036
404211
394174
393953
393998
393902
100006675
393837
406311
405821
100000252
405790
405770
570368
566796
445232
445076
445102
445297
415099
492467
493613
564064
497384
563953
100034592
562625
405785
541344
552980
554141
445373
554167
563147
553957
569971
100049705
553965
558958
407700
445410
566604
557026
553355
553354
793127
569376
563654
337767
570108
100002946
554269
560400
100003514
557353
563884
569499
554270
554268
100536594
567928
100332929
557797
563715
100003859
100885851
565756
561737
100334859
