NCBI Gene ID
564527
80955
114445
170784
192341
337810
322854
563633
323883
321544
323951
324015
324089
324237
324243
415162
324655
321689
325470
327215
321832
321837
554561
334133
793939
334373
334627
321943
335226
335409
336088
557472
336598
563708
368425
797853
373107
373108
406255
393966
393445
393599
393313
393314
394002
394085
393716
406260
406335
406353
406596
406606
406672
406712
321695
406776
406794
406807
406816
406825
100000479
393223
393933
393907
415148
436713
436602
437020
436873
436961
445073
445100
321875
445501
447935
449846
560313
449811
564866
792398
492364
494046
692325
503534
541355
550134
550328
550464
550576
100004133
553013
553603
565498
619412
641289
566441
562014
559634
798352
564149
562764
556864
751740
768140
777766
791202
100037391
557121
100037384
100001914
100073331
558479
557513
563542
100007662
565844
100136859
559776
565383
100003679
572370
558402
100318335
559439
100319387
792631
567370
100003587
100007521
100334486
564991
100006147
796547
569473
101883975
553327
402829
100330952
393934
564496
100331274
100001302
100330031
100148604
30100
30637
30622
30450
