NCBI Gene ID
569250
556077
100005587
794199
553292
100000709
777635
325395
326906
563799
334197
334935
335153
321245
368262
368239
368912
553401
399479
399481
393462
393876
393860
100000859
436729
323653
100005761
445198
445121
445290
447920
568616
450003
793834
768133
572849
494076
664754
497407
567970
541423
100006350
572649
569507
557205
100536523
560856
569027
751629
768131
556229
100003546
100036767
567859
558068
568162
565862
100004770
559560
564575
402830
564592
556086
560793
566825
557048
556535
571274
569041
796720
797296
101886516
100003615
100006238
555271
558601
557979
559635
30643
