NCBI Gene ID
58081
58127
58131
58022
65236
65237
65239
140621
140599
192295
192302
266756
557176
323099
100002263
323346
503934
321585
553758
325317
326884
327079
557526
327204
327330
321852
554561
321898
100005551
445285
321947
415100
568846
335916
336786
795414
561747
322265
322269
563708
368329
368481
561503
492763
378851
378972
386772
403145
403125
404211
404206
393922
393261
393287
394174
393941
393544
393518
393548
393650
402991
406304
406311
406463
406507
406715
393132
100000252
393141
554967
796450
494163
777733
415202
415221
415158
415181
415185
405769
405764
431763
437024
436652
445119
445151
402862
415099
403013
447804
553788
449996
100002318
557810
497646
503609
405785
541530
550287
100004133
560549
559425
565038
100333043
554167
619412
570772
569698
562838
100034500
100034507
692289
403052
562749
403084
777730
768248
100101654
790944
562867
791146
563306
799058
799608
568653
562317
566604
563090
567460
797834
100151416
561370
563560
100536675
569226
564295
563887
564854
562720
565200
568951
100190951
560913
100270764
100333797
100149273
564497
100149794
100007048
797357
100330801
100004261
100885851
565756
561737
101910198
101885420
30280
30288
30188
30222
30768
30767
30400
30637
30686
30681
30695
30590
