NCBI Gene ID
30076
64272
64269
64267
64273
64612
64613
64614
64615
64616
64609
64610
64611
114457
245703
259252
323579
334632
100001650
321051
100001532
378746
394001
393953
393998
100006675
406318
100148085
406525
405886
405885
436745
557996
445076
492487
564064
497384
503600
567212
553489
560561
563147
559334
797199
570652
100330960
569480
407700
557430
768304
100037383
564511
561190
558525
569376
570108
100307098
100003514
558153
557353
100333543
100329879
562316
100330183
100331916
30468
30629
