NCBI Gene ID
65236
65237
65239
114433
142986
170581
266756
557176
100002263
323818
568309
324254
100333318
553700
326018
327650
335409
336421
559281
561747
338317
373867
403310
368481
100001532
360144
407639
369197
100006516
378972
559964
386705
394198
399480
404211
403079
394174
393953
393946
393998
100006675
406308
406311
407086
406514
406588
406596
336038
406728
556443
100000252
573207
393285
403311
415185
405777
568726
445234
445073
445076
445289
445474
564719
563181
100002318
493609
493613
557810
562062
564064
497384
566841
563953
562011
567111
541314
550516
550286
560549
562585
553656
563147
569698
405791
570652
557902
403052
407700
570758
566989
777612
563724
791169
556286
791105
100001424
100149388
567611
794666
798613
557026
100006888
100148976
795753
556410
560202
562720
100002225
565612
559273
569376
568951
570108
572001
562619
100003514
557882
100007521
100334486
561670
100332193
557353
568254
570683
557109
565910
100149273
100003330
101884805
569499
565781
792410
100149794
571825
100329897
101886947
100332111
561737
101910198
100538072
570238
100333578
30298
30307
30768
30767
30380
30681
30716
30654
