NCBI Gene ID
58118
58100
58133
58129
570435
64256
64274
65089
65090
570240
65227
65236
114433
114462
114401
114407
114408
117506
192322
245701
245702
245699
245700
570636
266749
280651
557176
337737
100002263
564921
323818
324215
325034
558154
100002155
326708
321808
327204
327379
100331895
333979
334017
335655
335656
100331732
336063
322104
406660
336839
100003206
561747
321107
337838
568718
352940
373867
359829
359830
360144
368245
368217
336121
559529
373103
378478
378480
556641
378972
386807
386825
399480
393945
403049
404211
404231
100006041
393287
394174
393569
393426
100004870
393953
393993
393998
100006675
393719
393733
402933
406308
406311
406370
405898
404612
406411
406483
406604
405821
406659
406666
406714
406728
406739
406796
100000252
407737
415213
415242
415151
431769
436710
436739
415101
437027
436622
436670
436673
100034402
445076
445255
445289
415099
447811
554230
494151
449660
100150664
567874
493781
559087
563181
492811
492355
493609
566708
564064
494456
494455
494454
497384
100005852
100317924
555476
562011
497639
541370
541530
544667
550513
550256
550286
558453
560549
558359
553615
553609
553656
326672
563147
497629
100535003
641423
569698
767745
100005675
559630
564770
565743
562838
692065
567905
100006460
553520
692289
567599
724048
751792
767790
559976
568288
790931
100073343
562813
571738
556286
735295
402802
553179
553181
570493
101883614
563441
572492
564338
678512
793730
403045
100005049
100321746
563560
560564
493181
100004617
562720
100002225
795167
567621
556427
100007047
560151
799483
100003514
568885
564822
100318936
561670
567895
110438919
557109
796780
100331581
797361
100332205
564518
100150814
100149273
100535766
100000720
798492
571050
100149794
100536317
558859
100330358
101885552
101883508
101882011
101101687
565756
100332111
561737
562111
564517
559303
101910198
796490
798864
568210
557468
565386
100150414
563719
100233211
30262
30546
30549
30223
30705
30121
30256
100000160
30560
30380
30270
386856
30682
30716
30554
30747
30689
30218
30538
30710
