NCBI Gene ID
30076
58081
58100
58131
58022
58113
65225
65236
65237
140621
140814
140816
192322
192336
195824
266756
282676
286779
337737
322811
323445
563665
564921
324307
566347
324985
325084
325402
321724
321808
327379
554561
334202
335994
406660
563328
100002113
562064
368481
359834
360144
369194
369195
541406
368217
336121
492763
373085
557926
373874
378972
386807
399480
393945
403128
403145
403148
403125
403127
404036
100006041
393902
393398
406342
406411
406471
405821
406659
393132
573207
415158
415185
405790
405770
405769
436815
445208
415099
447814
100002318
492695
557810
494039
566841
100170804
503609
567111
503744
405785
548346
550227
550516
560549
559425
553691
554157
445373
554167
337572
619391
791855
570772
553957
550436
569698
553965
100034500
561117
445410
777696
100101464
100334918
565241
793359
562317
566604
557302
559502
571031
101884332
777651
100321746
569226
100003537
100329124
562720
564511
565612
559273
563654
560151
564337
100003139
100004566
557109
100286774
100004793
563884
794574
100150814
561469
100149273
100006212
100334750
100150090
100149794
100007048
557797
563715
793309
100538038
100885851
562455
565756
101910198
100536902
100331428
30298
30280
30307
30768
30681
321046
30491
565074
30716
30645
