NCBI Gene ID
57923
65236
65237
140621
192322
266756
793529
567801
321496
563665
566347
321808
327379
554561
327650
335916
335994
406660
336421
360144
368217
336121
570216
386787
394198
399480
403147
403145
403148
404036
100006041
393946
403001
406411
406659
393132
415185
405770
436895
445088
415099
449803
100002318
792160
557810
494039
405785
553634
553548
445373
554167
560927
553957
569698
678604
445410
556734
567964
566604
100006888
100321746
569226
100330810
564854
562720
563654
560151
100002946
100149273
794635
100536594
557797
563715
100003859
100885851
565774
565756
570238
100331428
30681
321046
30491
565074
