NCBI Gene ID
30065
114433
140617
192295
245701
245702
245699
245700
437013
282672
322358
557176
100002263
799532
799566
798498
324254
560000
100330617
100333318
553700
566559
326929
327263
327453
321871
334550
335231
335232
559001
559281
337167
338317
373104
373082
373878
373881
378727
445118
378972
386663
386661
404211
404206
559054
394174
394155
393702
403000
406311
406349
405816
406440
406473
406582
406610
406685
554477
406798
406821
393100
100000252
573207
393885
393983
393285
415235
436740
436828
436839
436905
436636
562460
445505
447836
449548
553788
558810
449677
557208
492361
564348
560140
494532
568904
563180
550361
550516
550537
550585
550259
560549
559080
553734
792182
541479
100002802
556190
678619
568368
558088
556236
559403
561193
751715
570761
768202
768121
790919
791169
100037349
571897
797132
566032
568316
565849
558848
567241
562602
567969
553418
100170793
100170795
100150233
572001
568001
572074
100000750
793274
565910
560944
100536460
557893
100001644
562282
100149794
100329897
564852
100005981
101886947
570106
561737
558752
560455
559392
101910198
100536950
100538072
30262
30222
557037
30736
30296
