NCBI Gene ID
58081
58100
557176
100002263
564921
568846
561747
373867
564470
360144
369197
492763
378478
378972
563509
386966
399480
404211
394174
393953
100006675
393548
393713
403000
402991
406304
406308
406311
406507
406728
100000252
777733
431763
436617
100034402
403065
445289
445474
447811
100150664
493781
563181
493609
403063
494532
497384
497646
503609
550286
100004133
560549
553656
100034507
562749
777730
768202
791146
556286
555578
563459
334108
100151416
561370
566086
403045
100002225
100329528
565563
100003514
561670
557109
100149794
799274
561737
101910198
101885420
100150414
30222
30512
30464
30530
30767
30380
30486
793011
30590
30716
30296
