NCBI Gene ID
30584
30072
58145
58092
64698
83496
116992
192302
246093
561901
266599
266983
326282
326283
321364
563633
323346
323883
324109
321756
321932
795522
359834
360144
369194
369195
402908
550399
561963
445564
566538
399480
100006041
394026
393716
393749
406349
406411
404629
406582
406659
406685
321695
406741
406813
406816
393141
393885
393246
414272
414273
405790
431736
445318
447846
449548
449846
791822
494477
494478
494476
566841
567111
503761
405785
550585
564395
553816
554167
493624
402837
560722
664761
560578
794669
553965
557567
562822
555655
563090
100005449
797559
565612
559273
100170835
100329528
100149664
100148867
792928
563884
794689
562072
100329779
101882992
100331014
100332237
100334928
100002201
796607
553359
30255
566470
30739
30631
30180
30632
30183
30457
30612
30686
30292
30275
799352
30161
100334210
30493
30639
559111
30641
30145
30146
30642
100004116
30164
30173
30113
30101
30628
30174
30742
