NCBI Gene ID
114428
245699
245700
245950
565450
322473
322485
557176
100002263
323588
323818
324254
100330617
325586
325881
326825
567181
333979
321938
335485
555576
336063
336333
100003206
337167
561747
352922
373867
368461
100001532
360144
559529
373872
378478
378480
556641
378972
399480
404211
100006041
394174
393426
393993
393702
406308
406311
406411
406525
406598
406659
406666
406728
406734
100000252
415213
405769
568726
557996
445255
445184
445289
447840
449660
449831
564719
559087
563181
492549
492355
493609
555939
497384
798876
100317924
562011
503589
550513
550286
560549
553656
553629
574422
559334
497629
567956
564461
568484
565743
570652
557902
558477
724010
407700
767790
767778
565256
571773
777624
563724
100101464
557324
556286
553179
553181
572492
557026
100148976
100137124
794575
403045
560564
557258
100002225
100141331
100141338
569053
569376
798233
100307098
100002946
562619
799483
561670
557353
100150463
566849
100332913
568406
557109
796724
569499
100333543
569358
100150090
100536594
571591
100149794
100005033
101884764
100333455
100151502
100536317
792371
569768
100003859
571825
553380
100148835
794698
102216338
100331649
101886666
100002190
571808
564739
100332111
561737
100537448
564517
101910198
796490
798864
565386
563806
100331916
100009639
30262
30256
30380
386856
30716
30554
