NCBI Gene ID
58092
58129
80959
114447
114428
114456
117507
140747
245701
245702
326283
100329953
337737
322991
321460
563633
323203
565434
561697
447839
323579
323695
321378
557199
325084
325586
100005753
560581
327029
327068
554561
334175
334632
321938
334911
335083
335474
335810
336063
336368
336426
336504
573437
336839
100003206
563511
337401
321051
415179
352940
368278
447863
368822
569403
368364
373871
378478
403050
378838
556641
474327
386967
386807
387529
394243
399482
394091
393150
393945
404040
100006041
402889
394001
393881
393880
393456
393460
394099
393902
393351
393550
393535
393562
797422
393804
393754
406318
406411
406414
100148085
406525
405810
405840
405821
406621
406659
406669
406671
406684
406704
321695
406766
406797
406798
406820
406837
798901
394034
393142
394098
394094
393152
393164
403031
415204
415240
415255
436806
436828
436839
557996
445196
445047
445154
447840
445397
449831
557061
562949
492537
492549
492695
492771
100149572
100001531
492364
492487
492497
570669
797355
494477
494478
798876
100124613
503600
554861
550402
550542
792229
550286
407684
449679
553656
553629
564152
566120
566797
567182
664764
619253
559334
100170824
619412
553374
559634
641490
568737
560578
565743
337386
568170
556132
561653
558613
568064
101884856
100149843
559483
793882
556104
567055
569546
553266
751741
567272
777731
560761
767667
767670
561659
565109
777738
402885
791153
561771
567190
571626
100009637
100009646
100038776
571897
569096
572492
555737
569532
563459
334108
100005449
792828
100170829
566086
560542
796345
793920
100005341
100005765
100141338
565383
796604
100144554
100004330
100151129
792915
100307098
564814
565563
567452
566350
558153
562719
570918
100330077
566849
792928
794689
568935
796724
565752
100333543
569358
100329879
561288
100005033
799274
100151491
101882992
324332
100334928
100002190
100148736
100334106
100331274
563976
100148154
100330183
100537448
100333057
559690
100330031
796454
794862
100329948
100331916
100004988
794400
101882925
30739
100000160
30637
386856
573376
30639
