NCBI Gene ID
65088
65225
81884
192322
259252
317733
317734
557176
100002263
323818
324109
325084
100333318
553700
321795
321808
327379
327650
334571
335916
555576
406660
336421
337179
338317
352912
353221
100001532
368924
360144
368217
336121
373873
100006516
378478
565155
386590
378972
394198
399480
404211
394069
394174
393946
393998
393540
393801
393760
406308
406311
406397
406514
406728
406844
100000252
573207
568726
100034402
445076
445289
563288
564719
100034412
563181
493609
564064
562011
550516
550286
560549
562585
553656
563147
570772
564519
570652
560267
557902
407700
777612
563724
791169
556286
100149388
567611
794666
557026
100006888
407664
100148976
556410
100321746
797938
100002225
569376
560151
570108
562619
565271
553479
561670
557353
557109
565910
569499
100149794
100007048
571825
100150844
557095
571888
569498
101886947
100332111
561737
101910198
100538072
570238
30680
555364
30380
569575
30716
573376
30591
30573
