NCBI Gene ID
114462
114549
170581
557176
100002263
323588
100333318
553700
327650
335655
335656
322104
336421
562064
337838
338317
352938
403310
100001532
360144
373872
378972
559964
394198
394199
399480
404211
394174
393953
393946
393998
100006675
394082
393801
393719
393760
406311
406483
406514
406598
406604
406728
406796
100000252
573207
403311
568726
436710
436815
436670
436673
562059
445208
445076
445289
561491
564719
492811
493613
564064
497384
563953
541370
550516
550256
550270
550286
560549
562585
553609
553656
574422
563147
791855
570772
550436
405791
570652
557902
555941
407700
559347
563724
557498
791169
562813
793359
100149388
567611
794666
557026
100006888
561906
568467
100148976
799747
556410
100170938
100141342
569376
553978
100007047
570108
562619
100003514
568646
556841
555747
100005589
555516
571679
100149598
100150701
100004742
792708
556619
570683
569528
562796
796780
100331581
797361
565910
100332205
795702
563744
569499
100149794
100007048
571825
557095
564522
569498
101886666
568566
101886947
561737
101910198
100538072
570238
569146
103171573
100009639
101882451
30298
30307
30380
