NCBI Gene ID
57925
58118
58133
58129
570435
64256
64274
561006
65089
65090
570240
65236
65237
65239
79379
114433
114436
114407
114408
117506
140621
170581
245701
245702
245699
245700
266756
266749
569243
100007679
562529
324125
321378
324215
325034
558154
100002155
326708
557526
327204
327321
100331895
554561
334167
415100
103908625
557693
322013
335916
336839
556172
795414
337670
321107
338219
568718
352940
368243
353314
403310
678610
359834
359829
359830
30093
360144
369194
369195
368245
559529
373103
555703
373121
557926
100006516
386635
378478
378480
100007677
678630
378972
559964
386966
386825
394198
399480
403145
403049
404231
393287
393569
393953
393604
394099
393998
100006675
393614
393548
393733
393854
402991
406304
406308
406340
406471
406507
406514
406523
404626
406604
406714
406728
556443
394146
393132
393141
494163
403311
407737
415242
415151
415185
405892
405770
431720
431763
436608
437027
436925
100034402
562059
445234
445057
445076
403065
445289
415099
798771
447814
554230
553788
494151
570288
449660
100150664
493781
559087
563023
563181
100002318
561772
100003481
493609
557810
561434
403063
544664
566708
564064
494456
494455
494454
497384
497407
558806
100005852
100317924
503589
497639
497646
405785
541323
541376
541530
541536
544667
550428
550513
550548
550286
558453
560549
553597
553656
554167
563147
497629
100535003
569698
560578
405791
559630
564770
565158
562838
100535196
678560
692065
567905
100006460
566351
100034580
568315
100034540
553520
403052
561959
555650
555941
724048
403084
553266
751792
767790
777728
768248
790931
790934
565241
556286
100009657
735295
561924
553179
553181
101883614
563441
100048921
564338
566604
567702
561262
564873
678512
560211
405768
403045
556410
100005049
557648
563560
569226
564295
560564
493181
100004617
562720
100002225
555974
795167
563460
562422
568951
795492
100000342
567833
564337
560639
559015
100003514
100318355
568885
564822
560913
561518
793952
100334486
561670
100005183
570683
563904
569528
562796
567895
569855
557109
571285
564883
100331581
792928
563884
564518
794574
100149273
100535766
563727
100150428
795602
798408
100003278
100003329
566869
100003220
100537717
559524
100526652
571050
100149794
100536317
100151551
101885082
558859
100000665
100331116
797409
794222
100004261
558321
100334928
101885552
100330259
101883508
101101687
565756
560875
100004576
558281
565173
101910198
796490
798864
570238
557468
565386
571193
554108
100333948
30262
30546
30549
30223
30575
30705
30512
30121
30739
30256
100000160
30560
30467
30686
30380
30270
386856
30681
30590
30682
30716
30554
30747
30689
30218
30538
573376
325488
30431
30703
30704
30672
30710
