NCBI Gene ID
30072
58073
58072
57931
58080
58145
58092
58097
58129
58051
58023
60639
60632
65237
80972
114433
170446
170455
245701
245702
246093
246225
266599
266756
266966
326283
557176
321364
100002263
321505
553292
567001
792333
100333211
352940
368900
368263
359837
360144
378723
378972
445564
386762
394249
399480
404211
404231
394174
393533
393545
406308
406311
791563
324004
406728
100000252
393141
407693
415131
415185
445289
447846
563181
100002318
323630
493609
557810
497649
563768
541493
550286
560549
553656
557875
553816
664761
664768
565714
794669
568191
567905
558456
692252
555238
100334188
557447
556087
751644
768131
100007426
567746
556870
562822
555655
561370
560032
100006778
565104
565677
100002225
564772
562327
100170835
569420
100148840
557882
565771
100149664
557109
563175
100149794
562155
100332722
100331014
561737
101910198
30147
30298
30280
553359
30283
30705
30374
30123
30265
30500
30127
30307
30465
100000160
30308
30128
30183
30457
30767
30105
30612
30337
30620
30686
30380
30239
30292
30275
30567
30363
30364
557384
30366
30369
30370
565921
30412
799352
30681
30171
30144
30716
30569
30310
30493
30639
559111
30641
30145
30146
30654
30628
30742
