NCBI Gene ID
100005469
58092
58081
58032
65236
65237
140621
266756
326283
322485
557176
100002263
323561
325675
558154
327204
334571
334613
335916
100005075
336471
336839
337158
337179
337489
561747
373867
368329
368481
100001532
359834
360144
369194
369195
369197
378972
399480
403049
404211
394174
393953
100006675
393386
406311
100000252
415185
405770
445289
402862
445474
415099
558139
100002318
557810
497384
565669
503609
405785
550423
550286
560549
553656
554167
570772
569698
560578
794669
562838
568315
407700
777730
572469
768121
568288
561971
555604
555737
566604
569040
553355
553354
678512
794575
100136840
555443
567257
562720
569376
567969
561475
100332055
100002946
554269
562569
792928
563884
100149273
100535766
554270
554268
100536594
100149794
100333455
100007048
100003859
100150844
100334928
100885851
101885552
565756
561737
101910198
30298
30222
30498
30739
30307
30768
30767
30380
30681
30682
30639
559111
