NCBI Gene ID
58022
58032
65236
65237
65239
140421
140423
140621
140814
246227
266756
557176
323099
100002263
558237
100333318
553700
557526
100001980
492357
335409
335916
338317
360144
373107
373108
373114
555703
373882
566945
100006516
378972
394198
399480
403049
404211
393287
394174
393896
406311
406397
407086
406463
406471
406514
406596
336038
406728
100000252
573207
494163
415185
405770
445119
415099
553788
558139
559020
100002318
792160
557810
405785
541530
550516
560549
553634
554167
554305
569698
654826
678604
566547
403052
561959
403084
565656
768248
777612
556823
777696
790931
791169
561971
100037357
562317
566604
557302
567460
678512
556410
563560
100004555
564295
563887
100148503
100004617
562720
568951
100192217
100002454
560913
565910
100149273
563152
564158
564497
563727
100149794
100334296
100004261
100885851
101886947
100331274
565756
561737
565173
101910198
100538072
100330031
570238
30681
