NCBI Gene ID
57934
57935
65237
192302
192321
252913
266756
557176
100333016
559340
100002263
563665
324254
566347
565482
321622
325084
327067
327204
327253
334582
322126
795095
337315
561747
373867
100001532
360144
378966
378972
378986
393789
399480
100534776
403136
403137
403125
404211
394174
393953
100006675
393386
393551
406269
406311
406327
406529
406728
406740
100000252
393965
394048
415151
415185
405769
431718
415099
447887
447833
553788
449794
563181
100002318
403014
557810
494039
497384
560549
403077
606660
558711
641328
445380
562838
678613
407700
768175
568877
570643
562473
570191
566370
564266
100001836
100002225
569376
100003514
557109
796481
100149794
557584
557797
563715
100884146
565774
565756
557486
568153
561737
101910198
792596
100331428
798603
100000959
30681
321046
30491
565074
30716
