NCBI Gene ID
58022
65236
65237
65239
116517
140621
791610
266756
100005587
323099
563665
566347
560000
554561
321871
334197
335232
559001
335994
573723
368239
555703
378972
386661
399481
403147
403145
403148
393287
394172
393462
393388
406283
406421
406440
406463
406471
324004
406821
393132
494163
415185
405770
436740
437024
436905
323653
445088
445119
415099
447920
553788
449662
449803
449677
100002318
557810
563298
560140
494039
494532
497649
405785
541530
550361
560549
553734
553548
554095
445373
554167
569698
678619
558422
566547
558088
692289
403052
556236
559403
403084
445410
751715
570761
768121
768248
100037349
735295
562317
566604
567460
561494
797132
568316
563560
569226
564854
562720
562602
567969
553418
568951
799099
100170795
100002946
100006238
572074
560913
557882
793274
100149273
100330224
794635
100536594
100149794
100003859
100538314
100004261
100885851
565774
565756
101910198
100331428
100000959
30222
30265
30523
557714
30681
321046
30491
565074
30296
30701
30654
30556
30510
