NCBI Gene ID
58092
65225
65236
65237
797063
192321
245699
245700
81541
260440
266756
317743
326283
322485
554135
322549
557176
565980
100002263
324109
324254
555778
321611
794088
560788
325675
325712
493605
326962
326975
327067
327204
327301
571753
100537318
334571
334582
334597
321951
100005717
335709
335751
335774
562149
336118
573021
336471
322126
568265
559281
336957
337158
337179
557348
562064
321065
368415
100001532
100003223
359834
369194
369195
373082
378966
378972
564379
404211
393943
394174
393953
394155
100006675
393386
393551
393478
393497
393675
393687
393700
393703
393720
393764
393776
393781
393793
393829
393821
406298
406301
406306
406311
406359
406397
406413
406428
406529
406599
406702
406726
393940
100000252
394151
393884
393971
407980
415243
415253
415151
415185
405786
436762
436768
436815
436930
436968
436636
436671
436672
573619
445031
445208
445042
445122
445129
445291
445500
415099
447924
447942
447887
447913
449787
449677
100002318
796997
403014
557810
563298
497384
562219
541328
541331
541390
550451
560549
553575
554100
554101
335191
554103
553672
554125
573689
553660
554154
556538
791855
641328
566723
550436
569698
560578
553755
562838
561007
568671
407700
560068
568463
791206
562473
793359
567861
570579
555737
100003066
566370
794575
100126126
569945
562720
569376
100003514
557882
100321338
792928
563884
100149273
100332034
100002384
100149794
100333455
798291
100150844
100334928
794083
565756
561737
100535363
101910198
100000992
100333064
30262
30739
557714
30681
30639
30654
