NCBI Gene ID
171465
192302
791894
322397
751689
321505
565206
100001629
324015
324141
561871
553758
569700
321726
560495
327035
798356
327291
321832
334470
322129
568473
337565
337685
368248
569620
368890
368900
564853
394249
573110
100150672
402921
394177
394085
393716
393749
406372
406394
406446
327196
406813
406815
403075
794171
799294
561863
768133
692296
664754
566841
558885
567111
550401
550463
550551
799361
652952
558456
692252
692292
555238
497613
558560
571851
100007426
100009623
100037329
100001914
567497
562643
565612
559273
562327
403008
560078
403066
564004
100150267
559572
799441
100331457
556231
101882803
100535921
393934
559561
792710
100150849
30467
30428
