NCBI Gene ID
798689
403044
170450
170451
170581
192322
321808
327301
327379
571753
334597
555576
406660
562064
337670
321107
338219
100001532
100003223
360144
368217
336121
557926
399480
393953
393998
100006675
406514
406714
406728
407980
415242
436815
445208
445076
403065
445289
447814
449864
563181
403063
564064
497384
566841
567111
550270
550286
562585
553656
563147
791855
550436
767745
100005675
407700
777728
559976
565241
100009657
793359
570493
100149388
567611
794666
557026
100148976
556410
100321746
100002225
565612
559273
569376
560151
570108
564337
100003514
110438919
100332913
568406
557109
571285
794574
100333648
569499
30380
30716
