NCBI Gene ID
114462
170581
558960
325084
326974
327650
100000775
560810
335655
335656
336252
322104
336421
336473
566537
337838
403310
368483
564746
373873
378441
550403
378968
559964
393953
393946
393998
100006675
393704
393801
393719
393760
406483
406604
406796
403311
568726
436710
403036
436921
436670
436673
568984
562059
445076
569032
564719
492811
492490
564064
564147
497384
556445
541370
550256
553609
554200
563147
405791
570652
560267
557902
692318
555941
751659
768183
563724
798575
562813
100073328
557026
100007749
100006888
100148976
100329827
570876
559693
100007047
566633
799124
562619
100006303
100005797
100003514
563105
100331377
570683
569528
562796
796780
100331581
797361
100332205
100538116
569499
566922
793200
555470
571825
100332196
569498
572215
100150472
101884924
556202
100332592
