NCBI Gene ID
57934
57935
100005469
58129
570435
65089
541394
114447
570218
114456
140747
142986
266749
570832
286739
317747
322473
557176
100002263
321496
568309
563030
321383
561635
325034
325084
325085
561894
325881
326825
327068
327204
327301
333938
571753
567479
563556
334597
334613
335269
335474
569510
336333
793949
336504
336613
336623
336839
322221
337690
321099
561431
352938
352944
352940
555454
368461
100003223
359829
359830
553434
799354
360144
368266
368245
559529
368199
373103
373124
570216
378478
378480
799355
378972
386762
386705
386787
399546
394235
394243
399482
399480
404211
404231
100006041
394174
394012
393611
393550
393733
403001
393837
406311
405898
406411
406493
406604
406659
406728
406820
556443
394034
100000252
394056
795517
407980
407737
415204
415151
415187
431737
431769
437027
436924
445230
445234
445102
445184
403065
445289
447930
447840
449707
561491
450006
449660
449808
449831
445393
567874
563181
492549
492576
494081
403063
494456
494455
494454
798876
100005852
100317924
503589
497639
503893
541320
541475
554861
100331874
550513
550569
550286
560549
552980
403009
554141
553656
553629
554168
561589
100002928
445380
567956
559630
564770
321070
562838
553493
677750
678518
692065
567905
566764
100330960
692331
558477
564565
556104
557983
100151255
724048
556734
751792
767790
767646
735292
556286
100009637
100038776
101883614
100006255
571031
100001221
793127
559145
555920
559017
403045
100005049
567175
564266
100001836
556752
560564
572187
493181
556951
100002225
795167
100141346
795135
567621
558685
560360
553978
100002872
798233
560305
562475
560400
557912
556029
561670
555516
571679
100149598
100150701
100004742
792708
565771
407685
557109
100331581
568426
570868
100536533
556413
568935
100329779
797491
100499533
100537012
563011
572348
558288
566080
100149794
100005033
557797
100536317
563715
794698
100330358
565774
100004299
566845
100537244
562455
561737
100536705
101910198
100334859
100333951
796490
556873
100535634
100537977
101885761
30262
30549
30705
100000160
30560
30380
386856
30716
30538
30429
30592
