NCBI Gene ID
58118
65090
570240
80787
114462
192322
192302
252913
282557
323818
565482
100333318
553700
321808
327253
327301
327379
327650
571753
334597
335655
335656
322104
406660
336421
337838
338317
100003223
360144
368217
336121
378719
100006516
393789
399480
404730
393946
393998
393801
393719
393760
406269
406308
406483
406514
406604
406651
406728
406740
406796
573207
393965
394048
407980
431718
436710
436670
436673
445076
403065
445289
447833
449864
449794
492811
492346
492507
493609
403063
564064
562011
503537
541370
541526
550516
550256
550270
550286
403077
553609
553656
563147
558711
563580
767745
100005675
414850
678613
560100
568877
777612
559976
791169
562813
556286
570493
568126
100006888
566411
556410
100321746
553304
100170786
561701
100007047
566118
560151
562619
101887173
561670
557353
110438919
557109
796780
100331581
797361
565910
100332205
100333648
100884132
101886947
557486
100332111
100331439
792634
564832
100538072
792596
798603
30281
30380
30716
30384
