NCBI Gene ID
58092
58081
58100
65236
114401
326283
557176
100002263
564921
324254
558154
327204
568846
336839
368481
359834
360144
369194
369195
492763
378478
556641
378972
386966
399480
404211
393287
394174
393993
393548
402991
406304
406311
406349
404612
406487
406507
406728
100000252
777733
415213
415151
431763
437027
100034402
445255
403065
445289
415099
492355
403063
497646
503609
541530
100004133
560549
569698
560578
794669
565743
562838
100034507
566758
562749
777730
791146
572492
100151416
403045
563560
562720
795167
100329528
799483
557109
792928
563884
100149273
558288
100149794
100334928
565756
561737
101910198
101885420
30280
30222
30739
30768
30767
30590
30682
30716
30639
559111
