NCBI Gene ID
114462
798689
403044
170450
170451
170452
407735
170581
565450
323439
567181
327650
798001
100000775
335655
335656
335836
555576
336069
322104
336421
336473
566537
337838
403310
569403
368416
564746
100149756
569898
100001532
360144
557926
556641
399480
393953
393946
393998
100006675
393801
393719
393760
406483
406604
406796
394088
403311
405796
568726
436710
436939
436670
436673
562059
445076
436769
447814
449864
564719
559087
492811
566152
494492
795293
564064
564147
497384
556445
541370
550256
562585
553609
553661
563147
767745
100005675
564461
568484
565743
570652
557701
563467
557902
407700
565256
100170783
563724
559976
567595
565241
562813
570493
572492
100149388
567611
794666
100073328
557026
100006888
561540
556582
798791
570841
100148976
566411
559270
556013
569376
100007047
570108
562619
100006303
564337
100003514
557353
569528
556181
110438919
100332913
568406
796780
100331581
797361
100332205
794574
571372
100333648
560802
569499
100463517
560221
792371
569768
571825
557095
101884924
568908
564832
798864
565386
100334689
30554
