NCBI Gene ID
30617
30068
30083
30084
30085
30086
58074
58016
58141
58120
58068
58215
60658
60640
64263
64607
64608
64815
79378
80374
80939
81882
569581
100126133
569250
84039
564613
393938
114426
114551
116517
797063
116713
116991
140424
140426
140615
140622
140620
140634
140744
192309
560753
192335
192336
192305
192334
192315
195824
246094
246095
246226
246227
259189
79381
259250
259251
81541
260441
406367
393697
266799
266797
266987
266992
556077
280648
282559
282672
798918
286779
317738
317737
317746
317745
317743
569980
322309
322339
322372
561410
100008541
322481
322506
322513
678545
554135
322529
322533
100005587
322549
322605
322609
322614
322626
322660
322670
322732
322780
436959
322811
323020
323107
100002263
563855
323329
794199
564552
100000559
323613
559073
553292
100000709
323918
323929
323994
324052
324079
324134
324188
324201
563589
324211
324307
324340
791518
324407
494065
777635
324510
324556
321621
324845
561303
324947
794088
321664
325179
560827
325316
571344
100003675
325395
325402
325561
321720
570437
321724
325712
325875
100148922
556439
493605
558452
559656
563849
326857
326906
321793
326954
326962
326975
560826
327057
327075
337784
327165
327274
327288
327329
327346
557186
327417
327453
327462
327496
327506
327507
327512
327566
327590
327601
327635
333974
333997
767665
562919
334098
334116
334121
334161
563799
334195
334197
334208
334217
100005551
334270
792824
334420
334431
100334231
562037
321928
334561
100537318
751635
794311
321951
566863
334897
334935
100000775
335025
550282
100006448
335153
335159
100005763
335231
561683
407614
335485
568099
335709
335715
335716
335732
335751
335774
322055
100000654
559001
541347
560717
335974
335985
562149
570459
336118
322089
336257
573021
336425
791775
336473
336492
336526
336606
553524
336798
792041
561172
336957
336977
573723
796025
796295
337166
557348
337236
436647
100148292
337412
337489
322228
322229
337583
561747
565706
337690
337696
394052
321193
321218
321224
321245
321294
553944
338306
338183
352943
368262
368239
565971
571356
352926
352928
352929
373867
368242
368220
368717
368775
368477
368410
368415
564697
564746
100001532
368907
368909
368912
359839
359840
402795
368229
368213
564754
799963
368360
415103
369193
557240
373082
373132
373092
373124
373866
373884
554700
378727
378713
378441
378722
550403
751701
378446
563972
445118
378847
556641
100006589
378962
378968
378963
378960
415161
564379
386661
436922
569112
386801
797512
568448
386951
387290
335817
791915
387526
387530
100151215
553401
394240
394246
394247
572733
399479
399481
399662
399692
403338
404036
404731
393677
404730
559054
393425
393982
393105
393293
393926
394188
393365
394060
394170
791759
394138
394077
393943
394174
393421
394110
393423
100332039
394133
394009
393580
393441
393444
393584
393448
570613
393455
394083
394155
394000
393906
393462
393598
393305
394148
393315
393876
393326
393335
393997
393350
394129
393387
393361
393393
393542
393556
393641
393539
393559
393526
393657
393549
393649
393528
393532
393469
394021
393622
393478
394135
393493
393497
393668
799492
393675
393845
393687
393799
393700
393703
393713
393720
393724
393744
393753
393761
393764
393769
393776
393778
393781
393782
564201
393787
393793
402954
402942
402970
393839
402985
393857
393860
393829
402981
393821
402994
393864
402979
406259
406278
406283
406290
406298
406299
406301
406306
406325
406330
406339
406342
405814
406359
404633
406370
406385
794752
406405
406408
406413
406421
406428
406433
406449
405845
405822
405806
406470
406473
406474
406477
406482
406496
406539
406558
405829
406567
405861
406575
405863
405865
406590
405867
406598
406599
404620
406605
100000859
406619
405800
406648
406651
406661
406662
406667
791592
406688
406696
406702
554477
406713
406725
406726
406734
406736
406739
406746
406762
406789
406791
406799
406801
406830
406831
81540
393096
393127
393935
393970
792097
393135
394156
393143
393912
394130
393113
393931
394114
394151
393123
393884
393160
394075
393984
394181
394190
393191
393983
394103
407989
407712
415207
415216
100005067
415227
80872
415239
415243
415247
415253
414331
415152
415158
415176
415138
100007670
405776
431724
431727
100004977
402874
431743
431716
431754
431762
431773
568726
436692
436600
436725
436729
436731
436603
436747
436754
436762
436768
436771
437016
437018
437019
437022
436799
436610
436827
436833
436838
436852
436878
436893
436894
436903
436909
436914
436919
436930
436622
436949
436958
436968
436981
436989
436646
403070
436595
323653
436597
436672
494077
442923
402854
541317
436652
565370
562399
570368
447905
497183
570547
570478
449649
100005761
556815
559298
562774
445022
573619
445198
445201
445202
445242
445245
445247
445042
445122
445060
100002812
445069
445071
445083
445094
445097
445129
445121
445250
445252
445151
445175
445182
445326
445327
445287
445288
445290
445291
445500
445504
445505
445486
445492
445494
402842
436850
447919
447920
447928
447941
447942
447836
447838
447840
447860
447864
447815
407716
447801
447879
447802
447891
447895
447913
447914
100002875
449558
449537
403051
567587
100034522
692278
568616
568713
567881
449945
100333321
449655
450000
450003
450016
450017
450031
791470
450050
450052
450054
450063
450068
450072
450073
450077
450078
450083
450084
449662
449784
449787
791628
449816
449829
449831
449835
564336
799868
563019
445134
560682
564719
566078
559020
559087
557708
562739
474331
474321
474325
570248
492549
492587
570007
563020
793834
567547
564111
553384
768133
796997
492719
493602
492760
492773
492779
492781
792268
492359
572849
407673
492476
492477
492500
492518
572841
493783
493780
493916
553452
558496
567051
570695
445168
569494
572027
559295
559373
100535692
494054
494055
791728
494076
108179059
494091
494099
494102
566506
664754
795400
564147
497407
558499
798876
556445
556528
559228
777632
565669
497279
497280
403086
503707
503759
503765
571263
567938
563180
504040
504044
562219
567970
553352
402883
317744
323723
553189
321084
553187
541402
541416
541423
541429
541435
541328
541329
541331
541321
541388
541390
100006350
541489
798364
541511
541517
791612
541539
100331902
544666
548346
100002865
548343
407659
550322
550327
550332
799805
550338
550369
550370
550372
550388
550396
550398
572649
550420
550425
550233
550451
550460
550486
550494
550502
550524
550533
550242
550550
550560
550565
550579
550580
550586
550259
550266
445562
548607
571938
446214
393461
567157
561018
561471
791203
552997
100005158
553770
553575
553734
553569
554100
554101
553767
335191
554103
553717
553691
553683
553646
497644
553676
100149838
553672
553671
553668
791448
553602
553725
553595
553722
553716
553804
553585
554124
554125
554129
554136
552981
573689
553701
553660
553762
554143
553639
553655
553653
338290
324900
553629
553750
554154
553981
402904
553795
553169
574009
792692
557614
554036
555308
606663
606579
556538
613246
619269
619255
571850
561372
619259
555330
565316
793362
619247
565700
553513
559198
553210
567548
567897
566723
796865
541479
560881
560778
641423
569507
555725
664750
641570
557205
767750
553755
565743
570652
100536523
557181
568096
664765
664696
664772
664741
553279
553280
394230
445376
403116
751653
407715
553754
562714
678522
678614
678540
678558
403068
558940
558422
566527
553523
560856
566479
561505
560653
559850
100034500
557902
559736
555344
566019
555969
561272
402827
569027
556236
566539
557077
100149843
567720
560219
793735
558898
561117
567170
559403
557008
402868
553508
724006
724010
723997
724056
407700
724080
562854
553239
793524
751596
553270
100004700
751651
555376
751668
751732
751691
751629
557187
334494
558373
561891
556680
560273
767661
767675
565372
791730
793926
556522
558186
564694
767778
767715
569769
562250
558716
569142
768131
570678
768185
768196
557972
558487
768165
563201
555401
566563
557919
562771
555206
777624
558524
563724
798716
777716
777719
751785
780844
446213
568288
790919
559959
553433
567275
790916
100001552
556229
100149853
793249
563878
791159
558684
791167
791130
558775
570866
562840
567913
557735
791142
791145
571876
559148
571738
557324
565059
559504
100002366
100003546
798788
565235
100036767
100037338
557166
100037390
110437777
100037349
100037356
402802
100037312
100004331
100000478
799960
100037326
100037331
100003383
100006345
571426
567861
798022
567859
100048920
100144569
570579
572492
564867
559240
798974
100073330
569040
566323
570443
557834
571441
557026
558068
568162
100007749
562627
556237
563594
571355
100333145
566675
795445
560486
101887190
100192219
565862
560387
556280
556193
797132
100148976
561338
100148828
563038
555920
100137124
100003066
565259
335538
794667
100329827
559659
100126013
100126019
100004770
100151256
570720
567798
555443
799528
569945
100144628
793046
100000684
793609
799638
100002302
557232
556797
565385
559537
559560
564575
555196
100136853
563255
571388
100002035
100141367
793349
100141344
569989
569053
322720
569734
100141496
402799
571967
100142647
557286
569376
561475
402830
564592
556086
560793
566825
557048
556535
571274
569041
796720
797296
101886516
751093
560360
559488
799099
100170813
561030
561803
796410
553246
566612
563654
555483
563446
556744
559442
100149018
100148280
100149204
100003615
571911
568381
560915
100004557
795305
100317089
562619
100006238
792527
555623
553532
100006303
568001
406554
562569
100000750
100003139
558466
555748
567204
797715
568915
100004566
405766
100317129
101882162
560006
100150304
556667
100003745
566872
796549
559332
101882578
100150463
100322457
564465
100536162
553283
794259
566085
100310831
568547
560944
561469
562592
793584
556291
100329531
100334492
557632
555271
555411
100330772
100332034
100333333
100330695
393838
108179934
563993
556956
566188
100334568
103910413
556849
565184
559305
100333269
798226
103911184
100331155
100526683
100002384
563343
560242
560126
793635
569499
555911
559097
100150090
559072
100332911
572324
560919
100537991
100333777
563369
555470
562316
494083
100331575
100333987
556578
569014
100005033
565295
569348
572518
100333665
798291
556700
563543
100332076
100535432
103911725
567794
100330160
569363
561756
558601
100330155
100333757
559212
100331498
100334730
793309
100329944
560951
571825
553380
100148835
110438237
566565
559207
101883995
557979
100001225
100331020
571201
559521
100330698
564852
100331649
797439
560649
100000026
101887155
101669768
100330875
100331179
562292
564739
100148642
793671
570106
567286
100151110
557716
100332843
100334605
793471
100332380
561737
100004136
100535363
557518
797914
100536353
557817
568219
563363
799942
100332644
799449
559635
798864
567869
563642
555496
572061
100148744
565386
100538220
573013
100329505
563806
100331745
100329711
100535634
100538291
100002956
100000992
402826
569184
564649
100330514
100333064
553326
559958
557816
564281
571737
30095
30331
30740
30733
30390
30381
30554
567734
30505
30384
30659
30430
30643
30644
30685
30207
30496
30497
