NCBI Gene ID
192339
192325
266989
323865
324238
324267
606498
324554
321614
404041
325052
327069
565621
327263
327301
327625
571753
334597
565575
321035
368893
100003223
327495
100002680
373878
373881
386630
386806
403025
394058
394111
393593
393917
394084
394092
393566
393929
393693
393701
406326
405816
405803
406543
406582
406610
406685
406751
406783
393100
393885
394053
407980
432372
436657
562460
445485
445408
449009
449548
562801
450021
558810
557208
561900
492341
100005893
503755
503767
541389
550585
751738
553261
100002802
407733
570858
566608
751719
569810
561459
566032
565849
560127
563172
796580
563448
100334020
569006
100001644
562282
100005981
558752
559392
30203
