NCBI Gene ID
30678
57925
58025
58092
80973
405897
117604
192295
192338
192333
192302
192323
791894
280649
286747
317763
326283
563669
322854
559398
323883
560751
324256
324475
567168
445392
797406
327060
327226
327471
794108
334315
323055
554509
568846
335195
322060
795522
336610
336998
562283
445386
337598
322275
338204
563708
368316
550434
368329
359834
369194
369195
402908
567006
373878
373881
566409
323299
399487
399483
404206
393886
394124
393554
393548
393967
393716
393749
402991
406304
406353
406419
406443
406462
406479
406507
406582
406610
406685
406695
406715
406740
406741
406813
406816
403060
393223
393141
393148
393907
393885
393162
777733
431763
562460
445411
403064
402862
445501
449548
449846
449996
403012
567931
557208
492768
492353
494046
566841
497646
567111
503763
541325
550576
550585
550258
565038
402825
794129
445395
562014
794669
798352
566831
100034507
570900
100049158
751740
767751
777730
768140
768161
100331892
566787
791138
791146
799608
565969
100151416
564533
565612
559273
558402
555797
100318335
100329528
100307086
100307076
557882
559665
799015
563884
569473
797354
565592
100000720
562282
100333252
100005981
100534898
566753
100333282
553345
101885420
100148604
100004175
101886806
30188
30222
30637
30686
30590
30639
559111
30450
30654
