NCBI Gene ID
245699
245700
246226
246227
557176
100002263
564304
327650
334529
336421
559281
321442
353223
378960
378972
404211
394174
394005
393946
393998
406311
100000252
393285
568726
402987
445076
447944
564719
559020
564064
560549
553579
563147
570652
560653
557902
568368
100125912
563724
100037315
566493
557026
100006888
100148976
793668
566430
558248
557194
792519
572001
562619
100150997
557353
565838
569499
555911
557893
100149794
560609
571825
100329897
100000544
101887155
561737
101910198
100535807
30262
30281
