NCBI Gene ID
60637
64272
64269
64267
64273
64612
64613
64614
64615
64616
64609
64610
64611
114457
245703
100333318
553700
554998
334973
338317
352926
353223
567631
100001532
100006516
378848
386590
393953
393998
100006675
406514
406757
573207
393191
568726
402987
445076
447895
449556
449954
564060
564719
564064
568184
497384
550516
562585
553575
552981
563147
570652
563818
561445
557902
407700
777612
563724
791169
798788
100037383
100149388
567611
794666
557026
100148976
556410
569376
101882127
570108
562619
100000463
100003514
100330940
557353
565910
565097
569499
100334190
569363
560609
571825
101886177
101886947
100538072
30468
