NCBI Gene ID
58025
58092
65237
65239
80973
192322
192295
192321
266756
280653
280651
326283
557176
560867
100002263
799566
323671
324254
100330617
794088
321726
321808
327067
327301
327321
327379
333941
571753
334373
334582
334597
568846
795522
569156
406660
322126
322129
336998
337167
561280
368316
403310
368415
100003223
359834
360144
369194
369195
368217
336121
402908
557926
557850
378972
386940
557551
399480
404211
404206
403079
394174
393417
394072
393548
393702
402991
406304
406311
406452
406507
406529
406637
406715
406728
406741
406768
406825
100000252
393141
393162
393176
777733
407980
403311
415155
415185
431763
445289
403064
415099
563903
447814
445390
544655
449996
449660
563181
100002318
561772
557810
494532
100317924
497646
541374
445091
550513
550587
550286
560549
562585
565038
553029
553656
563053
606616
560578
565106
568315
100034507
560688
767751
777730
768182
768121
100331892
777755
564413
565241
791146
799608
100149388
567611
794666
100151416
797132
566370
100136840
561682
100321746
557648
100002225
567969
560151
572042
100329528
100002946
564337
557109
792928
563884
794574
566869
100536594
100149794
100536317
100003859
100334928
100885851
100333254
565756
561737
101910198
101885420
572323
100150414
30188
30222
30739
30483
100005189
30637
30686
30380
30681
30590
30716
30639
30296
