NCBI Gene ID
58101
114420
192297
192299
192300
192301
195819
337810
322571
560828
406307
323305
323365
325618
326961
327089
751640
335539
101886382
336283
336550
336568
336641
336662
407690
336687
336702
336710
336712
336713
336719
336726
336727
336764
436759
336812
337007
337090
337148
337240
337010
378961
394194
394097
394122
394035
394166
394121
393686
393710
393723
393725
393738
393788
393818
406266
406387
406485
406489
406565
406686
394027
405888
405889
415142
415229
415159
415168
415169
415196
436758
436760
436829
436674
556272
445038
445040
445041
445053
445150
445028
565937
100536515
449547
394036
450009
493604
558080
541330
550391
550564
767765
554098
553709
553555
100000836
553799
553771
553580
554155
619204
571648
641289
557397
556556
677758
677743
569841
100093703
553284
735250
751730
751681
751746
751639
767758
562703
768187
768305
791211
100073334
572170
552972
100000341
100142645
793878
