NCBI Gene ID
57934
57935
57923
58081
58022
65236
65237
65239
114428
114456
114466
140621
100005887
266756
317743
317747
799806
337737
323099
100002263
562529
562365
564048
563365
321383
556103
325557
325586
561894
567222
327068
557526
327204
327373
554561
321938
563215
335110
641421
335474
335499
335916
336063
336504
336550
336613
336681
559276
336839
336933
100003206
337424
445472
571356
368640
368424
360144
373080
373107
373103
373083
373874
565155
386590
799355
378972
386701
386807
558917
394198
394235
394243
399482
399480
393945
403128
403138
403139
403145
403148
403125
100006041
393287
394174
100004870
393452
394141
393993
393902
393550
393928
393711
393716
402938
406276
406297
406364
406411
406463
406471
406493
406525
406598
324004
405821
406659
406681
406723
406728
406820
394034
393132
393141
494163
394163
415204
415158
415185
415187
405770
431767
436734
436770
436866
556371
445473
415099
447930
448942
402901
553788
570288
450006
449660
449788
563023
563181
100002318
100001421
100151249
492355
559866
557810
559154
497649
503609
567938
405785
572690
541530
548346
554861
573266
550479
550511
550569
550286
560549
100003026
554127
553656
553634
554167
565852
798985
559334
570772
569698
321070
553413
562838
677750
100318879
566547
100034500
556424
403052
556104
562750
403084
751756
767729
767738
569394
573122
560840
561525
563632
407638
100009637
100038776
567964
550458
100007897
100048921
562317
566604
563459
334108
567460
562372
566086
563560
100004555
569226
100330810
564295
556951
559010
548603
562720
100002225
100141338
562445
567078
568951
100002872
564823
100002946
565563
561612
560913
573216
566849
557109
572542
100149273
100003363
100005026
569358
100536594
100149794
558552
100007048
799274
503946
100003859
100885851
100002190
100001191
100537244
565756
100329883
561737
100537448
101910198
570238
556873
100330514
30265
30523
30686
30681
30716
30591
30573
30707
30429
30701
30592
30556
30510
