NCBI Gene ID
57934
57935
58145
58032
65236
65237
65239
117508
117509
142986
192322
79381
266756
282667
321453
322506
557176
100007679
100002263
323695
791518
325084
558154
321808
327204
321837
327379
335916
406660
337179
561276
360149
368217
336121
555703
557850
378480
563972
565155
386590
378966
378972
386705
394198
404211
100006041
393287
394174
393314
393995
393556
393551
393493
402938
402970
406311
406340
406397
406398
406411
406438
406452
406471
324004
406659
406712
406736
100000252
415240
415151
415185
405790
405770
431762
436734
437027
436894
436950
445027
445471
415099
798771
447846
447864
554230
553788
449784
558139
100002318
492500
557810
405785
541323
541530
560549
449679
553169
554167
570772
445380
569698
553367
553965
562838
403052
100151255
723997
767790
568593
567275
561971
562473
555604
555737
562822
555655
570244
100321746
563560
564266
100001836
562720
795167
100003679
568951
560151
100320028
572074
560913
100149664
100149273
100149794
100007048
100333180
100331014
100873093
100537416
565756
561737
569386
101910198
796490
570238
553359
30575
30265
30457
30612
30564
30681
30590
30682
30591
30573
30742
