NCBI Gene ID
65236
65237
140621
192335
192336
195824
266756
286779
322811
323099
323696
324142
324307
325084
325402
569217
321724
327204
333979
335025
335916
336839
337583
561747
373867
368907
359839
359840
373103
378478
378845
100005261
393287
394110
393426
406342
406463
393935
415185
436799
415099
447804
566044
560657
449655
450017
100150664
100002318
557810
108179059
541530
553019
553767
553691
569698
562838
403052
561117
100005566
556454
797651
566604
407664
565459
393392
563560
100330810
797938
562720
100005301
568951
100002946
100003139
100004566
497461
561469
100149273
561211
568935
796724
100536594
100003859
100004261
565756
100538220
30681
