NCBI Gene ID
58025
65237
80973
114433
117604
192322
245701
245702
266756
280649
322854
562769
323883
324475
445392
797406
321808
327301
327379
571753
334373
334597
323055
335195
322060
406660
336610
562064
337670
338219
368316
550434
100003223
360144
368217
336121
557926
373878
373881
399480
399487
393886
393998
393956
393403
393716
406353
406419
406443
406582
406610
406685
406715
406728
406816
406825
403060
393907
393885
795517
407980
415185
568726
436815
562460
445208
445246
445076
445501
447814
449548
449846
100005885
564719
557208
100002318
557810
494046
564064
503763
568838
550576
550585
550258
562585
563147
791855
562014
550436
570652
798352
678633
557902
100049158
751740
777728
768140
563724
565241
791138
100009657
793359
100149388
567611
794666
557026
100148976
100321746
79079
560151
558402
100318335
100307086
562619
100307076
564337
100005268
559665
571285
794574
569473
797354
569499
562282
571825
100005981
100333151
30262
30188
569575
30681
30450
30702
