NCBI Gene ID
30754
58073
58072
57931
58080
58092
58117
58023
60632
65229
65230
65236
80972
80955
83496
117510
118437
192307
245946
245949
317679
317747
326283
556148
323883
565013
560060
326875
327204
568282
334373
568214
335916
100006858
100005471
562064
100007702
100001532
368485
359837
368249
368250
557926
557451
386762
402843
100006041
393953
393581
393998
100006675
393533
393716
406411
791563
324004
405823
406659
406816
406825
393141
403076
415151
405892
431736
437027
436815
436917
436625
445208
445076
447814
447800
553788
449846
449996
561772
323630
564064
497384
566841
564019
497649
567111
565038
568518
553608
563147
791855
550436
569698
565714
321070
794669
562838
568191
561183
568315
692261
557447
407700
556400
556087
751644
566878
798564
751108
777736
564241
565241
567746
560294
558502
793359
799608
560713
798465
558069
561682
560032
565677
792404
562720
792714
795167
563460
565612
559273
569376
569420
100148840
100006275
564337
100003514
557882
570926
799377
556379
565771
100003877
794574
100149273
793507
553231
566869
570865
100000500
558825
100332722
570510
100333254
100001408
30222
30283
30123
30265
30127
30308
30128
30105
30523
30686
30750
30363
30364
557384
30366
30369
30370
565921
30412
30502
30590
30171
30144
30488
30428
100007463
30206
559111
30197
30476
30701
30654
30119
30556
30510
30221
30544
