NCBI Gene ID
58081
58131
64278
561006
65236
80787
114401
797063
140621
140614
171585
192322
192321
81541
678623
282557
337810
554135
322549
562365
503934
321564
415162
324303
321585
325119
571959
436709
325712
493605
326884
326962
326975
321807
321808
327067
327330
321837
327379
327650
334133
321898
100537318
334582
445285
321943
321947
321951
641421
335499
335709
335751
335774
335925
562149
336118
406660
573021
336421
322126
336681
336786
336957
557348
562064
322265
322269
321324
373867
368686
360149
368217
336121
373080
492763
555703
378719
378848
564379
386701
404730
393922
393261
393943
393644
393946
393941
393998
393544
393518
393620
393478
393928
393497
393675
393687
393700
393703
393720
393764
393776
393781
393793
402938
393829
393821
326687
406298
406301
406306
406335
406340
406359
406413
406445
406514
406529
406599
573095
406726
406794
100000479
554967
394151
393884
796450
445413
415202
415221
415243
415253
415158
415181
403011
436734
436762
436768
436815
436862
436882
436930
436968
573619
445208
445033
445042
445122
445076
445129
445325
445291
445500
447942
447887
447913
561350
449787
449674
558071
796997
492467
568430
494085
564064
503609
562219
541328
541331
541390
550134
559564
550328
550451
550464
550499
550511
550287
100002893
562585
554100
554101
335191
554103
553672
554125
554127
573689
553551
553660
554153
554154
556538
563147
564370
791855
641289
641328
566723
550436
569698
553755
541413
101882215
799782
562762
792986
100034500
403015
561758
569394
768182
777766
573122
793359
100037384
799058
561924
550458
568126
100149388
567611
794666
566604
563459
334108
100006888
566086
100003066
566370
556410
100321746
559366
796993
562720
100003679
553304
561701
566118
560151
100000342
567833
562619
565563
567448
557353
573216
100149273
100332034
100002384
558552
798291
799274
100873093
100329462
100001302
100535363
792634
100537916
100000992
100333064
30387
30388
30553
30590
30384
30094
