NCBI Gene ID
60658
114433
798565
798689
403044
170450
170451
170452
245701
245702
326825
327650
555576
336333
336421
368416
100001532
360144
399480
393953
394005
393946
100006675
393801
393760
406582
406685
406728
393885
562059
403065
445289
447804
448841
449548
559087
563181
492507
493613
403063
497384
563953
503589
550420
550585
550286
562585
553656
100125912
407700
100149388
567611
794666
570245
100006888
100002225
566430
569376
570108
567940
100003514
100150304
557353
564915
569528
557109
101884119
100330875
798864
565386
100535807
30380
30716
30554
