NCBI Gene ID
30068
58073
58072
58026
57931
58080
58118
58081
58100
58083
58131
58022
58023
60658
60632
64278
561006
65234
65236
65237
65239
80787
80972
793823
114401
797063
140621
140614
798565
798689
403044
170450
170451
170452
407735
170581
170846
171585
192322
192307
192321
246227
81541
260440
266676
266756
337810
322425
554135
322549
322645
337737
323628
564921
562365
503934
321564
324254
415162
321585
324525
325052
325119
571959
436709
325712
493605
326884
326962
326975
321807
321808
327067
557526
327197
327204
327330
327379
334133
321898
100537318
334582
445285
321943
321947
321951
641421
335499
335709
335751
335774
335925
322068
100006858
555576
562149
336069
336118
336159
406660
573021
322126
336681
568265
336786
336957
557348
562064
322265
322269
352926
373867
403310
368416
368883
100001532
359837
360144
368217
336121
373080
492763
555703
557926
378848
386630
559964
564379
386701
386762
394199
399480
393945
404036
393922
393952
394058
393261
393268
393943
393405
393953
393417
394141
393941
100006675
393386
393362
393544
393533
393518
393620
393478
393928
393497
393675
393846
393687
393700
393703
393720
393764
393776
393781
393793
393829
393821
326687
406298
406301
406306
406335
406359
406413
406445
406452
406466
406471
791563
406514
406529
406599
405840
324004
573095
406681
406726
406728
406753
406768
406794
100000479
393940
554967
394151
393884
796450
393191
394079
403311
414929
445413
415202
415221
415243
415253
415155
415158
415181
415185
403011
405796
405770
431767
436762
436768
436770
436788
436815
436862
436882
436886
436930
436968
437002
573619
445208
445209
445033
445042
445048
445122
445129
402895
403065
445325
445289
445291
445500
415099
570363
447942
447814
447887
447895
447913
561350
561491
449864
450078
449787
449674
559020
558071
563181
100002318
796997
323630
557810
568430
494085
494129
403063
497384
559106
100005529
503609
562219
564088
405785
541328
541331
541374
541390
548346
550134
559564
550328
550451
550464
550479
550489
550499
445091
550511
550286
550287
562585
100003026
559425
568518
554100
554101
335191
554103
553718
553672
554125
554127
552981
573689
553551
553660
553656
554153
553634
554154
563053
554167
571294
556538
564370
791855
407686
570772
641289
641328
567680
566723
550436
569698
565714
767745
100005675
405791
553755
664698
562838
568191
414850
565106
100034500
557340
403015
692289
569210
568671
555941
557447
407700
556087
751644
767660
569394
768182
768248
777766
573122
407723
559976
566010
790931
565841
568463
100033387
565241
555705
407638
567746
798788
793359
557014
555604
100037357
735295
100037384
563648
799058
561924
550458
570493
571897
100149388
567611
794666
562317
566604
562596
569532
563459
334108
570245
566086
561639
100003066
566370
556410
100126126
560032
100321746
564295
558848
558696
559366
565677
100004617
792404
567632
796993
562720
100002225
569376
568402
100170793
553978
563654
100318899
569420
100148840
100317899
560151
100000342
567833
570108
565563
567448
564337
100003514
100329702
799461
566914
560913
557882
799377
556379
571679
100149598
792708
565771
573216
570683
562796
100003877
110438919
100332913
568406
557109
793927
100334351
794574
793912
100149273
100332034
100333648
100002384
100006625
793551
558552
100007048
798291
799274
100332642
100332722
100885851
100329462
100001302
565756
100332174
100334605
100535363
556023
571581
101884977
100537916
100000277
100005732
101887082
100330105
100329711
100000992
100333064
101882451
30283
30123
30265
30127
30308
30128
30105
30214
30380
30259
30387
30388
30363
30364
557384
30366
30369
30370
565921
30412
30681
30553
30502
30171
30144
30488
30428
30716
30197
30654
30221
