NCBI Gene ID
57934
57935
100005469
58100
65236
114433
570218
142986
245701
245702
561901
100535241
252849
252850
260303
266749
286830
286831
286832
317747
557176
100002263
562529
323561
564921
323695
323818
568309
561635
325034
794088
325084
325675
325686
558154
327204
327301
571753
563556
334597
334613
550487
335269
335916
569510
336471
336839
337158
322221
321107
321212
567110
321243
368415
100003223
360144
369191
559529
373107
373108
373103
373872
570216
378478
378480
494453
378972
386705
386787
386966
399546
399480
403049
404211
100006041
394101
394174
394012
394038
393953
100006675
393543
403000
406308
406311
405898
406411
406493
406548
324004
406659
406714
406728
556443
100000252
407980
415240
415242
415151
431769
437027
442922
566796
556842
445234
403065
445506
447930
447840
554230
449707
570288
449996
450006
449831
445393
100150664
567874
493781
563023
492549
492576
403026
493609
497384
798876
562011
503730
503893
541320
541374
541475
544667
100331874
445091
550569
550286
560549
565038
552980
449679
553699
553656
553629
563053
574422
432385
570772
445380
569698
569971
100049705
321070
562838
677750
571317
564565
558958
100318854
100151255
556734
767790
768202
570643
100536295
556286
100037387
799608
567123
555805
100006255
569755
567771
556874
100048921
553355
553354
678512
100318165
559145
403045
564246
567175
564266
100001836
556752
560564
572187
563429
562720
795167
100141346
558685
100170785
795752
337767
554269
558635
560400
100003514
568885
557882
561670
567895
407685
557109
100149273
570868
100536533
100535766
556413
566325
100329779
797491
100499533
572348
554270
554268
567928
100149794
100005033
100007048
100332237
101885552
100004299
566845
100537244
101883508
100332111
100333114
561737
100149028
101910198
100334859
796490
557468
30037
30222
562496
30121
30265
386856
30234
30682
30716
30429
30654
30592
