NCBI Gene ID
58100
64272
64269
64267
64273
64612
64613
64614
64615
64616
64609
64610
64611
81597
114457
114550
170581
192322
192321
245703
245699
245700
260440
266750
266751
266752
317747
323588
564921
798498
561635
100333318
553700
326825
321808
327067
327301
327379
327650
571753
334582
334597
550487
100005075
569510
336333
406660
336421
322126
336529
568265
559281
321442
338317
403310
100001532
100003223
360144
368217
336121
557926
100006516
378746
378972
559964
386711
399480
100006041
393604
394005
393946
406411
406493
406514
405866
406529
406598
406659
406728
393940
573207
393285
407980
403311
568726
436745
436935
563989
798771
447814
447887
449707
450006
449808
445393
564719
563181
492576
561772
492486
493613
567051
558073
563953
503589
541398
550420
550516
568211
560549
562585
567212
553489
560561
641328
405791
797199
321070
570652
561090
560653
568315
557902
100330960
568671
569480
100125912
407700
553270
557430
768304
777612
563724
565241
791169
568554
100037315
100037383
555805
100149388
567611
794666
570244
557026
100006888
100148976
566370
794575
561682
556410
100321746
100002225
566430
561190
558525
569376
558685
558248
557194
792519
560151
100332055
102725535
570108
572001
562619
100150997
560081
564337
568614
100001558
100150304
570683
557109
565910
794574
100334568
565838
100329779
569499
555911
566869
798583
100149794
572249
100333455
571825
100329897
100331961
100149100
101886666
100537416
566845
101886947
100333254
100330875
100334610
101885585
101910198
100538072
100535807
100331745
100009639
30262
30442
30575
30483
30564
30580
30468
30509
30716
30431
30616
