NCBI Gene ID
30754
30120
58073
58072
58065
58066
57931
58080
100005469
58092
58081
58146
58126
58008
58100
58131
58022
58129
58054
58023
58032
570435
60637
60632
64274
64277
65089
65229
65230
65236
80972
114424
114433
114447
114462
393938
114401
114550
114833
569360
140421
140422
140423
140621
140747
140815
142986
192341
192322
192295
192302
245701
245702
246227
79381
259252
260437
280651
286830
286831
286832
317747
317733
317734
326283
322473
322485
322506
557176
323099
100002263
323269
323561
564921
323883
324109
324215
324254
562194
791518
555778
794088
566886
558154
325881
326102
326825
321808
557526
327204
321837
327379
554561
327650
100001615
558883
334613
415100
568846
335134
335655
335656
335905
335916
335994
336088
322104
336333
406660
336421
336466
336839
337179
337413
561747
562064
321243
337838
563708
352944
352930
352940
373867
368329
564470
368481
368519
368415
368461
100001532
359834
359829
359830
359837
799354
360144
368266
360149
369194
369195
368245
368217
336121
559529
368199
369197
492763
373107
373108
373110
373076
246726
570216
378478
378480
563972
565155
386590
556641
378972
563509
386762
386705
386966
394198
399480
403049
404036
404035
404045
404211
404206
404231
100006041
393287
394174
393953
393946
393608
393993
393998
100006675
393533
393556
393548
393632
393493
393716
393719
393733
402970
402991
406304
406308
406311
406349
404612
406397
406411
406463
406483
406487
406507
791563
405866
406602
406604
324004
406659
406715
406728
406736
406796
406816
406845
556443
394104
393202
100000252
393141
393211
777733
407737
415213
415151
415158
405790
431762
431763
568726
436710
436713
437027
436815
436868
436617
436894
436670
436673
100034402
566796
570410
568320
445199
445208
445234
445076
445119
445255
445184
403065
445289
402862
445474
415099
447935
447811
798259
563288
449846
449996
449784
449808
100150664
493781
564719
559020
563920
563181
403042
492811
492355
492364
492500
323630
493609
493613
403063
566708
564064
494456
494455
494454
497384
497407
100005852
566841
561930
563953
503589
497639
497649
497646
503609
503594
567111
544651
503893
541320
541370
541530
100331874
550256
550286
558453
100004133
560549
559425
565038
568518
553609
553656
553634
548610
445373
553169
563147
791855
497629
570772
445380
564519
550436
569698
560578
567956
565714
559630
564770
569971
100049705
321070
493634
794669
553965
654826
565743
570652
562469
562838
568191
692065
799475
567905
100034500
557902
559569
562861
100034507
566758
100330960
562749
558314
558477
565400
100005416
558958
557447
555192
557983
100151255
723997
724048
407700
445410
556734
556756
567500
556087
751704
751644
751792
767790
767809
777730
572469
571773
768121
768248
563724
567275
100004455
791202
562813
791146
751763
567746
556286
555578
793359
735295
553179
553181
101883614
799608
563441
572492
565268
562317
566604
100073331
560057
557026
571031
100151416
100006888
553355
561370
553354
678512
100148976
794575
403045
560032
100005049
100321746
563560
751109
564295
563887
100148503
100329124
100134935
100006778
100134971
100134972
100135755
793920
100134973
100135062
493181
565677
562720
100002225
795167
565200
796604
100144554
571352
565612
559273
796551
569376
567969
100003679
563654
797150
569420
100148840
100190951
571540
798233
100007047
100192216
560151
337767
571089
555375
570108
100329528
100002946
562619
799483
554269
560081
100003514
557882
561670
557353
565771
567895
407685
100003877
557109
796404
100321338
796780
100331581
797361
792928
563884
100332205
100149273
100536533
100535766
100188894
100329779
794053
569499
100000720
564945
569773
554270
554268
100536594
567928
100149794
100329385
101884764
100333455
100007048
100003859
571825
100332722
794698
102216338
559315
100873093
100334928
100000544
100885851
101885552
100003535
101883508
562455
565756
561737
565173
101910198
101885420
796490
570238
557468
101883301
100002479
100150414
30141
30546
30298
30280
30288
30442
30117
30269
30188
30222
30549
30189
30283
30705
30300
30680
30131
30512
30121
30123
30464
30265
30739
30631
30444
30127
30530
30181
30256
30632
30307
100000160
30768
30308
30128
30560
30767
555364
30105
30225
30612
30523
30467
30637
30686
30380
30718
794892
386856
30750
557037
30363
30364
557384
30366
30369
30370
565921
30412
30486
793011
30590
30682
30171
30144
30716
30138
30538
30591
30573
30639
559111
30154
30701
30654
30080
30556
30510
30710
30415
30741
