NCBI Gene ID
797063
192335
192336
195824
81541
286779
554135
322549
322811
324307
325402
321724
325712
493605
326962
326975
100537318
321951
335025
335709
335751
335774
562149
336118
573021
336957
557348
337583
368907
359839
359840
564379
393943
394110
393478
393497
393675
393687
393700
393703
393706
393720
393764
393776
393781
393793
402961
393829
393821
406298
406301
406306
406342
406359
406413
406599
406726
393935
394151
393884
394181
415243
415253
415158
436762
436768
436799
436930
436968
573619
445042
445122
445129
445291
445500
447942
447913
447914
449655
450017
449787
553384
796997
108179059
562219
402883
541328
541331
541390
550451
550531
100005158
554100
554101
553767
335191
554103
553691
553672
554125
573689
553660
554154
556538
566723
767750
553755
100034500
561117
100073345
100003066
559659
100003139
100004566
561469
100332034
100002384
798291
100535363
100538220
100000992
100333064
