NCBI Gene ID
65236
65237
65239
170581
192322
245950
266756
325084
321808
327379
334571
335916
406660
336839
337179
562064
353222
403310
100001532
360144
368217
336121
373882
566945
378478
556641
559964
399480
393953
393998
100006675
406308
406514
406728
403311
415185
568726
402987
436815
445208
445076
402919
402917
445289
564719
559087
563181
100002318
493609
493613
557810
564064
497384
563953
541323
550286
562585
553656
563147
791855
550436
569698
405791
565743
570652
557902
403052
407700
563724
556286
793359
572492
100149388
567611
794666
557026
407664
560211
100148976
556410
100321746
797938
557258
562720
100002225
569376
568951
560151
570108
562619
560913
100334486
561670
557353
570683
567895
557109
100149273
569499
571825
100150844
558321
798864
565386
30498
30380
30681
30716
30554
325488
