NCBI Gene ID
57923
58081
58022
58108
65236
114466
192321
252913
280653
317737
321622
560788
327067
557526
334582
492357
100000775
335519
336426
336473
322126
795095
336612
337413
562064
368481
368519
369197
373107
373108
373125
373114
373092
565155
403147
403126
393444
393880
393417
393351
393386
393535
393896
393754
406452
406471
406529
405840
406621
406766
406768
798901
393164
394048
415155
405790
405770
431715
436815
436866
445208
445474
403013
447823
445397
403051
449794
559087
493916
503609
405785
541374
445091
550542
559425
403077
553655
563053
554167
558711
791855
570772
550436
569698
553965
678613
565106
558613
767670
768248
556823
793359
735295
567964
562317
569532
567460
561370
568830
566370
100004555
100536675
564295
563887
100329124
562720
565200
100149273
564158
564497
100007048
556700
798864
565386
30298
30280
30307
30768
30767
30554
30591
30573
