NCBI Gene ID
192309
560753
100002263
323929
794088
325179
327346
562919
100334231
337236
436647
337489
561747
337690
571356
373867
368717
368415
100001532
373124
393365
394174
393584
406290
406598
404620
406667
394075
437018
447840
449831
563019
492549
570007
798876
565669
567938
541511
541517
548346
553595
553629
553750
606579
571850
559198
560881
664741
678558
558940
566479
100149843
407700
561891
563201
777716
568288
790916
791142
100037338
569040
555920
555443
793349
322720
569376
561475
560360
100317089
792527
562569
560006
393838
556956
566188
560919
100005033
563543
100334605
561737
100148744
100329711
100535634
100330514
30644
