NCBI Gene ID
58038
80787
192335
192336
286779
322811
323439
323579
324307
558960
325402
321724
327082
334632
335025
335836
336281
337583
321051
368483
100149756
368907
359839
359840
394001
394110
394082
393515
406318
406342
100148085
406525
393935
436736
436799
436939
562059
557996
445024
445167
449655
450017
492490
550457
108179059
494450
494490
494492
795293
503600
553767
553691
574003
554200
559334
664719
664770
563467
100034491
692318
768157
561117
567306
557717
555941
559347
100170783
798575
571872
797490
559270
553304
100307098
556701
558153
100003139
100149357
556533
569528
562796
556181
561469
794623
560802
100006625
100333543
100329879
100463517
568486
565776
100329499
100150472
100330183
100538220
568618
100331916
100332592
30711
30712
