NCBI Gene ID
550475
65225
100126133
100000399
140811
192336
192340
195824
266798
415244
406625
678623
282673
286779
100003844
321453
100000085
322811
555639
321461
323579
323613
324307
553330
324466
324818
324985
325402
321724
553365
563849
321818
327237
337532
327635
798347
335008
335494
799153
336746
100537613
563328
565588
368852
100007877
368911
368704
541406
378958
563316
393279
393309
393657
393549
393398
406318
406342
406385
405845
566517
406511
406645
406648
406689
406801
406830
393128
393135
415147
431731
436692
436725
436812
436945
449649
445165
798361
445487
447897
450022
450068
450083
449791
557061
492643
492340
403021
566506
559228
563359
100003043
503600
503759
541416
541519
548343
550415
550460
550529
791203
100006090
570148
553691
553594
554157
337572
560778
664772
553423
564790
559850
567720
561117
564342
569407
767760
562166
559959
100149853
570467
791159
100002366
569298
571441
569719
565099
567333
100004557
100003139
100004566
562996
561469
560126
559072
100329879
100330411
556700
110438237
795916
100330183
567869
100329505
564077
