NCBI Gene ID
65236
65237
65239
266756
557176
100002263
327204
337376
561747
373867
360144
373872
378972
399480
404211
394174
403000
406308
406311
406728
100000252
415151
415185
405769
437027
445289
447804
559087
563181
100002318
336073
493609
557810
497384
405785
550286
560549
553602
553656
554167
574422
569698
562838
403052
724056
768202
100101464
556286
568653
559145
562720
100002225
795167
568951
100004351
567204
560913
561670
557109
100149273
556413
100188894
794053
100149794
561737
564517
101910198
798864
565386
573013
100233211
30380
30681
30716
30554
