NCBI Gene ID
58092
58081
58126
58100
65229
65230
114401
192302
326283
557176
323099
100002263
564921
323818
333979
568846
368329
359834
360144
369194
369195
369197
378972
399480
404211
393287
394174
393426
393548
402991
406304
406308
406311
406463
406507
406728
556443
100000252
393141
777733
431763
568320
445234
403065
445289
402862
445474
415099
563181
492364
493609
403063
497407
562011
497646
503609
541530
550286
100004133
560549
553656
560578
794669
100034507
562749
777730
791146
556286
100151416
563560
100002225
100329528
561670
557109
792928
563884
100000720
100149794
100334928
565756
100332111
561737
564517
101910198
101885420
30222
30739
30637
30686
30380
30590
30716
559111
