NCBI Gene ID
30268
58100
58151
114447
114462
140747
142986
245950
317747
557176
570984
323099
100002263
323588
564921
323818
568309
321378
325084
327204
327650
334571
335158
335655
335656
322104
336421
336839
336944
561747
321107
337838
352944
373867
368481
569403
100001532
799354
360144
369197
373103
373871
403050
378966
378972
386705
571408
399546
399480
404211
100006041
393287
394174
393953
393946
394099
393998
100006675
393719
406308
406311
406364
406411
406463
406483
406598
406604
406659
406714
406728
406796
556443
100000252
558616
415242
415151
568726
436710
437027
436948
436670
436673
445234
445076
403065
445289
445474
415099
447804
564719
492811
791973
493609
564064
494532
562011
541370
541530
550256
550286
560549
553609
553656
564152
566120
563147
321070
553366
654692
570652
562838
557902
560194
565958
794891
563964
101883610
101883679
407700
553266
560761
563724
562813
556286
100006078
792495
553500
100329796
555737
557026
797834
100006888
561370
798892
100148976
559145
563560
557258
795167
565200
567621
569376
100007047
100192217
100192211
570108
100002946
571256
562619
567452
567656
100334604
557882
101885596
561670
557109
796780
100331581
797361
100332205
795469
556413
563152
796724
100329779
569499
561288
100536594
100333914
795788
100149794
100334296
100003859
571825
100150844
100330358
101886666
565756
100332111
561737
101910198
794616
100329726
100004988
100009639
101882925
30298
30307
30768
30767
30380
798906
30716
30296
30664
30654
