NCBI Gene ID
57934
57935
570218
798565
170581
192322
246227
437013
317747
100007679
323588
561635
325084
326929
321808
327301
327379
327650
571753
334597
335232
322013
335654
335916
569510
336348
406660
336421
321442
562064
352920
403310
100001532
100003223
360144
368217
336121
557926
378478
559964
394198
399480
100006041
393953
393946
393998
100006675
393614
393801
393802
393760
406411
406440
406493
406598
406659
406728
407980
403311
568726
436815
436905
436925
436935
445208
445222
445076
445289
798771
447814
449707
561350
450006
798632
445393
564719
559020
559087
563181
492576
561772
561434
564064
497384
558806
568904
541323
541376
550420
550428
550270
550286
562585
553656
792182
563147
791855
550436
405791
321070
570652
565158
100535196
678619
678560
100034580
560653
568315
557902
100034540
407700
570761
563724
799412
568463
565241
791176
793359
100149388
567611
794666
557026
570245
100151416
100006888
100148976
568316
561682
100126126
100321746
100002225
562422
100144566
569376
558685
100170795
795492
560151
570108
562619
564337
572074
559015
100003514
100150304
557353
570683
567895
569855
557109
564883
794574
795702
563744
100150428
100329779
569499
555911
100003278
100003329
566869
100003220
796298
100001530
571825
100331116
797409
794222
557095
571888
564522
569498
101886666
566845
100333254
100330875
555945
798864
570238
569146
565386
571193
794026
100331745
100009639
30222
30575
30380
30716
30554
