NCBI Gene ID
114456
557176
100002263
323201
321496
325179
560581
327068
327204
334571
335158
550487
335474
335485
336063
100005075
336504
336623
336839
100003206
561747
321099
373867
447863
360144
373103
556641
378966
378972
394243
399482
399480
404211
394174
393953
100006675
393550
393804
403001
406311
406349
406370
406407
406504
406525
406728
406820
556443
100000252
394056
415204
415151
405769
436924
445234
447840
447804
449831
559087
492549
570669
497384
798876
559154
554861
560549
554102
553629
664764
559334
565743
562838
566764
556104
562750
735292
563632
100038776
555805
572492
100001221
100170829
559145
569779
572187
569053
100332055
571256
100003514
101885596
557109
556413
100150090
100149794
100005033
100150844
561737
564517
101910198
798864
565386
563806
100233211
30716
30554
