NCBI Gene ID
58081
58100
58131
64278
65236
65237
114441
114442
797063
140621
798565
170581
171585
192321
81541
266756
570832
286832
554135
322549
557176
100002263
564921
323695
562365
503934
321564
321585
100333318
553700
436709
325712
493605
326884
326962
326975
321807
327067
327204
327330
321898
100537318
334571
334582
445285
321947
321951
641421
335499
335709
335751
335774
562149
336118
573021
322126
336681
336786
336957
557348
322265
322269
338317
403310
360144
373080
492763
557926
373872
100006516
378848
378966
559964
564379
386701
399480
404211
393922
393261
393943
394174
393941
393998
393611
393386
393544
393518
393551
393478
393928
393497
393675
393687
393700
393703
393720
393764
393776
393781
393793
393829
393821
393837
326687
406298
406301
406306
406311
406359
406413
406445
406514
406529
406599
573095
406726
100000252
573207
554967
394151
393884
796450
403311
445413
415202
415221
415240
415243
415253
415151
415158
415181
415185
403011
405770
436762
436768
436862
436882
436930
436968
573619
445033
445042
445122
445076
445088
445102
445129
445291
445500
447942
447814
447887
447913
561350
449864
449787
449803
100002318
796997
493606
403014
557810
494129
564064
503609
562219
405785
541328
541331
541390
559564
550451
550499
550511
550516
550287
562585
554100
554101
335191
554103
553672
554125
554127
573689
449679
553660
554141
554153
554154
553548
554167
574422
556538
563147
564370
641328
566723
569698
767745
100005675
405791
553755
562838
100034500
403015
555941
569394
768182
777612
573122
559976
568463
565241
791169
562473
799058
561924
550458
570493
100149388
567611
794666
566604
563459
334108
570245
566086
793127
566411
100003066
566370
556410
100126126
562720
562475
565563
564337
557882
556379
573216
570683
562796
110438919
565910
794574
100149273
100332034
100333648
100002384
558552
798291
799274
100150844
100885851
565774
101886947
561737
100535363
564832
100538072
100000992
100333064
30498
30718
794892
30387
30388
30681
30553
30502
30488
30428
30447
573376
30654
