NCBI Gene ID
64274
550475
65236
65237
65239
114833
266756
557176
323099
100002263
557526
327204
554561
415100
335409
571588
335916
795414
561747
368481
359834
360144
369194
557926
373872
378966
378972
394198
399480
404211
393287
394174
393551
406308
406311
407086
406452
406463
406471
406596
336038
406728
406801
100000252
573207
494163
414333
415185
405790
405770
405769
405764
436725
445073
445277
415099
403013
447814
553788
450007
561417
100002318
492346
336073
493609
403014
557810
405785
541530
550516
550270
560549
554167
574422
569698
560578
553965
562838
560268
568315
403084
751704
556823
100101461
564241
790931
565241
558921
562473
555604
568653
564873
563560
100536675
564295
100329124
564266
100001836
100004617
562720
565200
100004351
564337
560913
100007521
100331628
792928
563884
794574
100149273
793507
564158
100149794
100004261
100334928
100333821
100333254
565756
561737
564517
101910198
570238
30280
30117
30739
30768
557037
30681
30080
