NCBI Gene ID
57934
57935
57923
58081
58131
58119
58022
58154
65223
114466
140621
192321
322544
557176
322691
323099
100002263
323865
321564
321807
327067
327244
327651
334582
335409
335994
368481
360142
360144
492763
378972
399480
100534776
403147
403145
403126
404211
393973
393287
394174
393953
777756
100006675
393650
406311
406343
406463
406471
406543
406555
406596
406728
406798
393132
100000252
393144
415158
405790
405770
436607
437024
436828
436866
445119
445177
415099
403013
449996
563181
492487
494080
497384
566841
503609
567111
558395
405785
541530
560549
559425
552997
751738
553205
553776
445373
554167
570456
553965
100034500
100034507
692289
445410
751719
777730
768248
777630
562867
735295
567964
561138
562317
566604
797834
566370
563560
100536675
100003537
557335
564854
100329124
100002225
565200
565612
559273
796580
100002946
565759
100333797
557109
572542
100536594
100149794
100003859
100885851
565756
561737
100149852
101910198
30298
30280
30307
30768
30203
30716
