NCBI Gene ID
58081
58154
65236
83414
140614
170784
192298
100000769
266638
266757
266797
266796
322544
322863
562019
323883
323918
323922
324005
324015
321564
324164
324243
324944
325317
325561
797943
571870
326701
326710
321807
327133
557526
327197
327244
327268
554998
321832
327447
554960
334133
334337
334633
334658
335226
322073
335985
322160
337190
553448
338155
567029
368331
368488
360149
324855
373100
555703
378848
565155
386590
378851
386768
386709
393371
393417
393321
393877
393975
393536
394085
393716
393742
406289
554177
406310
406314
406408
406442
406514
798071
406753
406757
406768
406774
406794
406814
406816
100000479
394028
394164
394079
436724
436772
791986
436861
436911
436943
445177
445284
568615
449846
566078
558071
492805
503609
558108
541374
571681
559564
550328
550411
550464
445091
550581
497542
554116
553582
553551
553627
563053
554093
556580
565499
563660
570772
562839
569698
559775
100148383
566527
565106
402801
735249
553455
767700
565338
561686
777612
553324
553288
567913
553407
557960
557858
100037354
100037384
561924
100001914
556237
559811
335538
100002072
556410
100126019
564295
559776
562720
566876
406673
797907
100149925
560913
562592
100149273
100537822
100007048
100537478
100334730
393934
100873093
557824
100000526
100332314
101884807
100006207
568308
573376
30591
30573
30393
