NCBI Gene ID
58081
58022
65237
65239
114447
114462
140621
140747
142986
192322
245950
246227
266756
317747
557176
323099
100002263
799566
568309
324109
324254
100330617
325084
100333318
325317
553700
558154
326825
321808
557526
327204
327379
327650
327519
568846
335655
335656
322104
336333
406660
336421
337167
337838
338317
352944
100001532
799354
360144
368266
368217
336121
492763
557926
100006516
378478
378851
378972
386705
399546
399480
404211
100006041
393287
394174
393953
393946
393608
393998
100006675
393702
393801
393719
393760
406308
406311
406349
406411
406463
406471
406483
406514
406604
324004
406659
406728
406796
556443
100000252
573207
393141
777733
415151
415158
415185
405770
568726
436710
437027
436670
436673
570410
445234
445076
445289
415099
447814
564719
559020
563181
100002318
561772
492811
493609
493613
557810
564064
497384
563953
503589
503609
405785
541370
541530
550516
550256
550286
560549
562585
559425
100333043
553609
553656
554167
563147
619391
321070
570652
562469
562838
100034500
568315
557902
100034507
692289
100005416
557983
100151255
407700
777730
768248
777612
563724
565241
791169
562813
791146
556286
735295
565268
100149388
567611
794666
562317
566604
560057
567460
557026
571031
100151416
100006888
777651
100148976
561682
556410
100321746
563560
564295
563887
564854
564266
100001836
100135755
557258
100002225
795167
569376
100007047
560151
570108
100329528
100002946
562619
564337
100003514
557882
561670
557353
567895
557109
796780
100331581
797361
565910
100332205
794574
796724
100329779
569499
566869
564945
100536594
100149794
100003859
571825
559315
100000544
100885851
101886947
100333254
100003535
101243556
562455
565756
561737
101910198
100538072
101885420
100004988
30280
30222
30265
30767
30400
30637
30686
30380
386856
30681
30695
30590
30682
30716
30654
