NCBI Gene ID
114445
114401
246227
323099
560788
557526
554561
415100
795414
561747
352944
373867
100538108
799354
373107
373108
373114
403147
403145
403148
393287
393953
393314
100006675
393548
402991
406304
406463
406471
406507
406712
393132
393144
494163
414333
405770
405769
405764
431763
445119
403064
415099
447804
553788
559020
555521
798740
566761
497646
405785
541530
553615
554167
554305
570772
566547
794891
403084
556823
796370
561971
568653
567460
563560
569226
564295
563887
100148503
561268
100192211
100002946
571033
568689
100008445
100270764
556379
100331628
100333797
795469
548606
564158
564497
557072
100334750
793819
100536594
798119
100007048
100003859
100004261
100333821
565756
100233211
30502
30488
30428
30622
