NCBI Gene ID
58073
58072
58026
57931
58080
58100
58083
58131
58022
58023
60658
60632
64278
65234
65236
80972
553587
797063
140621
140614
170581
170846
171585
192322
192307
192321
245699
245700
246227
81541
260440
678623
317743
554135
322549
557176
100002263
564921
562365
503934
321564
324142
324254
324303
321585
436709
325712
493605
326884
326962
326975
321807
321808
327067
557526
327330
327379
321898
100537318
334582
445285
321947
321951
565797
641421
335499
335709
335751
335774
100006858
563149
562149
336118
406660
573021
322126
336681
568265
559281
336786
336957
557348
322265
322269
321324
403310
368686
100001532
447816
678586
394047
359837
360144
368217
336121
373080
492763
555703
557926
378972
559964
564379
386701
386762
386808
394199
399480
402810
404036
404211
393922
393261
393287
393943
394174
393405
393644
393417
393941
393386
393362
393544
393533
393518
573336
393478
393928
393497
393675
393846
393687
393700
393703
393720
393764
393776
393781
393793
403005
393829
393821
326687
406298
406301
406306
406311
406359
406413
406445
406471
791563
406514
406529
406599
324004
573095
406726
406728
406768
393940
100000252
554967
394151
393884
796450
393285
403311
445413
415202
415221
415243
415253
415155
415158
415181
403011
405770
436762
436768
436788
436862
436882
436886
436930
436968
437002
573619
445033
445042
445122
445129
403065
445289
445291
445500
415099
447942
447814
447887
447913
566044
561350
561491
560657
449864
450078
449787
449818
559020
558071
563181
796997
323630
403063
494449
559106
562219
564088
405785
541328
541331
541374
541390
541530
548346
559564
550451
550499
445091
550511
550286
550287
100002893
560549
562585
559425
568518
554100
554101
335191
554103
553672
554125
554127
573689
553551
553660
553656
554153
553634
554154
563053
554167
556538
564370
407686
641328
567680
566723
569698
565714
767745
100005675
405791
553755
541413
101882215
799782
562762
792986
568191
565106
100034500
403015
568671
557447
561758
407700
556087
751644
569394
768182
768248
573122
559976
790931
565241
567746
555604
799058
561390
561924
550458
570493
100149388
567611
794666
562317
566604
563459
334108
566086
100003066
566370
556410
560032
100321746
393392
563560
564295
558848
565677
100004617
792404
562720
100002225
569376
568402
100170793
553978
563654
569420
100148840
560151
100000342
567833
570108
572001
565563
564337
100329702
560913
557882
799377
556379
571679
100149598
792708
565771
573216
570683
100003877
110438919
100332913
568406
557109
794574
100149273
565164
100332034
100333648
100002384
100149794
558552
798291
799274
100332642
100332722
100329897
100885851
565756
100332174
561737
100535363
101910198
571581
100000277
100000992
100333064
101882451
101884800
30262
30283
30123
30265
30314
30127
30308
30128
30105
30354
30380
30387
30388
30363
30364
557384
30366
30369
30370
565921
30412
30502
30171
30144
30488
30428
30716
30197
30654
30094
30221
