NCBI Gene ID
30268
58151
64274
114447
114466
140747
336944
352944
799354
561050
406471
558616
436866
436948
556728
791973
405785
560193
554167
554305
619391
641390
553957
553366
654692
565958
794891
563964
101883610
101883679
790931
100006078
100000764
100003167
792495
553500
100329796
100037357
777651
798892
100006778
100135755
793920
100004617
796604
100144554
100192217
100192211
100002946
100535903
567656
100334604
795469
563152
796724
100536594
798119
100333914
795788
100334296
100003859
100885851
794616
100329726
100004988
