NCBI Gene ID
30076
58148
114463
195823
324109
321378
100333318
571344
553700
326825
327650
100006896
327519
336333
336421
565706
338317
100001532
359838
360144
368266
373882
566945
100006516
378478
556641
327272
387293
394198
399480
100006041
393953
393946
394099
393998
100006675
406411
406514
406659
406728
573207
405886
405885
405784
405788
568726
436679
436617
571143
445076
403065
798771
564719
493613
403063
792433
564064
554221
449615
494456
497384
563953
503589
550516
562585
568518
563147
570772
565743
570652
567905
557902
557983
407700
553266
100004700
572034
777612
563724
791169
555578
572492
565268
100149388
567611
794666
557026
100151416
100006888
564873
561041
100332426
564419
570076
407664
100148976
565259
556410
797938
564511
569376
570108
562619
100003514
557353
100331628
100003877
557109
565910
100333601
569499
100329340
565599
562316
100000500
100007048
751101
793309
571825
100537416
101886947
100538072
570238
572061
100329719
30575
30705
30498
30464
30530
30210
30564
30580
100008101
30486
793011
30716
30458
30629
