NCBI Gene ID
58138
63999
80374
83916
170581
322485
324109
100333318
553700
338317
353152
353221
403310
100001532
100006516
559964
387260
387529
399692
393460
393998
406514
573207
403311
405759
431720
432374
568726
561866
445076
564719
100034412
493613
564064
563953
550516
562585
402892
563147
568565
405791
570652
566351
557902
407700
777612
563724
777713
559728
793249
791169
791145
100001692
570960
100149388
567611
794666
557026
100148976
794575
556410
569376
570108
562619
553532
557353
570683
563904
565910
569499
100333455
566671
571825
571330
101886947
559036
560875
563363
100538072
