NCBI Gene ID
58100
65237
142986
246227
266756
557176
100002263
564921
325084
558154
327204
327321
336839
561747
368243
373867
360144
492763
557926
378972
386705
399546
399480
404211
394174
393953
100006675
406311
406728
100000252
415151
415185
437027
445289
447814
554230
559020
559087
563181
100002318
557810
497384
562011
550286
560549
553656
562838
790934
565241
557648
100002225
795167
564337
100003514
557109
794574
100150090
100149794
100333254
561737
101910198
798864
565386
30380
30681
30682
30716
30554
