NCBI Gene ID
65236
114401
114833
114834
564996
337810
322425
565434
323563
324109
324152
325084
326974
327143
492357
335916
336116
336159
337168
554650
393268
393902
393620
393846
406452
406466
406514
393202
403036
436984
494180
445289
415099
450024
449660
492676
494085
494532
559106
100317924
550134
559564
550328
550513
550286
559355
797988
553776
553656
554092
641289
569698
557574
561219
692289
559099
751649
561933
777766
556410
558848
562720
100170793
797150
567448
556379
562289
791223
100149273
793200
100536317
100332642
100329462
101885420
100330105
555713
30380
30502
30590
30488
30428
30296
30080
