NCBI Gene ID
57923
58022
65236
65237
192322
246227
266756
557176
323099
100002263
325084
321808
327321
327379
333979
334202
334571
415100
335916
335994
406660
795414
561747
368481
360144
368241
368217
336121
373103
557926
378972
399480
404211
100006041
393287
394174
393426
406311
406411
406463
406659
100000252
415185
405770
405769
437024
436920
445289
415099
403013
447814
449660
559020
100002318
561772
792160
557810
100317924
405785
541530
550513
550286
560549
562585
553656
445373
554167
553957
569698
678604
568315
445410
565656
553961
556823
100101464
100334918
565241
567964
100149388
567611
794666
571031
561682
100321746
557648
563560
562720
565200
560151
564337
557109
794574
100150814
100149273
564158
100334750
566869
100149794
100536317
100150844
100004261
100885851
100333254
562455
565756
561737
101910198
100536902
30190
30768
30637
30380
30681
30716
