NCBI Gene ID
30175
58073
58072
57934
57935
100005469
58023
60632
64698
65237
114433
570218
140621
142986
245701
245702
561901
259252
266756
282667
286739
317747
321453
557176
321461
100002263
562529
323695
324215
324254
325084
325675
558154
327204
792333
327301
571753
333979
563556
334597
334613
563056
335573
335994
336471
336619
336839
337158
337179
322206
561747
562064
321061
373867
100003223
359834
100538108
359837
553434
360144
368266
369194
373103
570216
386635
378478
100007677
378972
386705
386787
386966
387365
399546
399480
403125
404211
404231
100006041
394174
393426
393953
393995
393998
100006675
393533
403000
406261
406308
406311
406349
406397
406411
791563
324004
406659
406666
406728
393202
100000252
393141
407980
415240
415149
415185
445561
436815
436931
445208
445076
445028
403065
445289
554230
570288
450043
449660
449796
445393
100150664
493781
563023
563181
100002318
563020
492364
403026
493609
557810
403063
544664
564064
497384
100317924
405785
550439
550513
550518
550286
560549
562585
403009
449679
553699
553656
445373
554167
561589
100002928
563147
791855
619520
550436
553367
565714
321070
562838
568191
567905
559479
557447
557983
100151255
103909035
100126016
553214
556734
556087
751644
768202
768248
568593
568288
567746
556286
567505
793359
735295
100048921
100149388
567611
794666
566604
571031
100151416
407664
559145
564266
100001836
565677
797938
100002225
795135
567621
565429
797150
569420
100148840
100003514
100008445
561670
567895
100318080
557109
563884
797662
100536533
556413
100329779
100149794
100536317
797357
100330801
100332722
568926
100330358
100332237
562455
561737
101910198
101885761
30299
30269
30222
30189
30395
30283
30705
30123
30265
30444
30127
30308
30128
30767
30105
30225
30404
30637
30686
30380
30363
30364
557384
30366
30369
30370
565921
30412
30681
30590
30682
30171
30144
30716
30639
30710
