NCBI Gene ID
58073
58072
57931
58080
58092
58081
58023
570435
60632
65089
80972
114424
192307
326283
557176
100002263
323818
324254
568846
352940
368329
359834
359829
359830
359837
360144
369194
369195
368245
378452
378478
378972
386762
386966
399480
404211
404231
394174
393533
393548
393632
393733
402991
406304
406308
406311
406349
406507
791563
324004
406666
406715
406728
100000252
393141
777733
407737
431763
436617
403065
445289
402862
100150664
493781
563181
323630
493609
403063
494456
494455
494454
100005852
562011
497639
497649
497646
503609
550286
100004133
560549
568518
553656
570772
560578
565714
559630
564770
794669
568191
692065
562749
557447
724048
567500
556087
751644
751792
791146
567746
556286
555578
101883614
100151416
403045
560032
100005049
493181
565677
100136865
100002225
796551
569420
100148840
100329528
557882
561670
565771
100003877
557109
792928
563884
100149794
100007048
100332722
100334928
100332111
561737
101910198
101885420
30269
30188
30222
30549
30283
30123
30464
30265
30739
30444
30127
30530
30308
30128
30560
30105
30523
30686
30380
30363
30364
557384
30366
30369
30370
565921
30412
30486
793011
30590
30171
30144
30716
30538
30639
559111
30701
30654
30556
30510
30415
30741
