NCBI Gene ID
100008009
114423
570832
282670
793529
567801
322691
322701
563665
559122
321545
566347
325881
327320
567192
337315
561287
100538108
359833
359841
359826
368199
378986
393611
393775
393837
406327
393153
445088
445102
449803
449808
403026
494039
553297
550423
100000935
553553
553699
554141
553548
560927
560277
678552
100330960
558477
560308
393327
767742
768180
563663
570643
793127
100136840
567257
100320028
562475
100008445
100302404
794635
100148468
557797
100002060
563715
557557
565774
100331428
100000959
30604
321046
30491
565074
