NCBI Gene ID
64815
100126133
140615
317738
322626
560000
561303
559656
326954
327274
327417
321871
334121
334217
334561
100005717
566863
335159
335732
559001
336606
573723
368912
386661
553401
393425
393105
393441
393657
393622
393769
402954
393839
406283
406325
406421
405845
100000859
406648
406725
406830
393135
394156
431754
445121
445175
445288
445290
447860
450073
449662
449816
449677
793834
564111
550361
550550
567157
553734
555308
678614
558088
559403
110437777
566085
562292
564649
553326
30643
