NCBI Gene ID
58100
114433
114425
245701
245702
79381
557176
323099
100002263
564921
324254
794088
100333318
553700
568846
337626
338317
352940
368329
368415
100538108
360144
559529
492763
378478
378480
565155
386590
378972
386966
399480
404211
393287
394174
403000
406308
406311
406397
406426
406463
406514
324004
406715
406728
100000252
573207
777733
100034402
403065
445289
402862
415099
563181
493609
494073
494080
403063
566841
497649
567111
541530
550388
550398
550516
550286
560549
553656
553169
570772
567905
767790
768202
768121
791169
791146
556286
100151416
100004929
403045
556410
563560
560564
797346
100002225
565612
559273
567969
100320028
555375
557882
100008445
561670
557109
565910
100149794
100007048
101886947
565756
561737
101910198
100538072
101885420
796490
30262
30188
30222
30705
30265
30523
30637
30380
386856
30590
30716
30591
30573
30701
30654
30556
30510
30452
