NCBI Gene ID
65236
65237
114462
797063
798689
403044
170450
170451
170452
407735
170581
246227
266756
568061
325712
493605
327650
100537318
321951
335655
335656
555576
336069
336252
322104
573021
336421
337838
403310
368416
100149756
100001532
360144
378960
559964
399480
404209
393943
393953
393946
393998
100006675
393497
393687
393700
393703
393704
393801
393719
393720
393760
393764
393781
393829
393821
406298
406306
406413
406483
406604
406726
406796
403311
415243
415185
568726
436710
436670
436673
568984
562059
573619
445042
445122
445076
445291
447913
569032
564719
559020
100002318
796997
492811
557810
494492
795293
564064
497384
562219
541328
541331
541370
541390
550451
550256
562585
554100
553672
553609
554125
573689
553660
556538
563147
569698
405791
570652
563467
557902
555941
407700
751659
768183
563724
798575
562813
558995
100149388
567611
794666
569398
565287
557026
100006888
100148976
100003066
562720
569376
570876
559693
100007047
566633
570108
799124
562619
100003514
100149357
100331377
570683
569528
562796
100332913
568406
799085
796780
100331581
797361
100332205
100149273
100538116
100332034
569499
566922
568486
571825
100332196
557095
571888
569498
556202
100000992
30681
