NCBI Gene ID
60658
64272
64269
64267
64273
64612
64613
64614
64615
64616
64609
64610
64611
114457
192322
245703
677744
798498
791878
321808
327379
336281
406660
570716
100001532
368217
336121
378746
393953
394005
393998
100006675
406539
100000322
415170
568726
436745
445076
561350
564719
492486
564064
497384
550420
562585
563147
566075
570652
557902
100125912
407700
557430
768304
563724
568554
100037315
100037383
100149388
567611
794666
557026
100148976
100321746
566430
795135
561190
558525
569376
558248
557194
792519
560151
570108
562619
100003514
568614
100150304
571679
100149598
557353
565838
569499
798583
571825
100149100
100330875
568363
100535807
101885761
30468
