NCBI Gene ID
30584
30268
30072
58145
58151
58133
64274
114447
114466
140747
266753
564874
334183
559725
777717
335994
336944
352944
791526
368326
368438
359834
799354
369194
369195
407639
561963
561050
394026
406471
404605
406247
558616
405790
405770
436866
436948
556728
447846
791973
799612
564348
798740
445816
497643
503594
503761
405785
541493
560193
553816
445373
554167
554305
493624
619391
100535003
570404
108180095
641390
553957
560578
553366
654692
553964
553971
553965
654826
445381
678542
678622
799475
570520
565958
794891
562533
563964
100144562
101883610
101883679
407649
445410
557567
567542
768248
553961
790931
100004455
796370
100006078
100000764
100003167
792495
553500
100329796
100037357
735295
100001424
564338
562822
555655
561846
561494
777651
798892
100134974
751109
560202
100332149
100329124
407651
567241
100134935
100006778
565104
100134971
100134972
100135755
793920
100134976
100134975
100134973
100135062
100004617
561268
796604
100144554
100294510
100150233
100192216
100192217
100192211
100002946
100535903
567656
100334604
563003
100270764
100149664
100331628
792928
563884
795469
563152
100270759
563287
100188894
796724
793819
794053
799982
100536594
571217
100148577
100151629
798119
100333914
795788
562247
100189608
100334296
100003859
100538314
100331014
794493
100334928
100149404
100885851
100150203
100333821
100534674
794616
100329726
100190920
100334678
101883301
100002479
100004988
101887143
799556
553359
566470
30739
30631
30125
30180
30632
30183
30457
30612
798441
30270
30292
30275
799352
100334210
30642
30742
