NCBI Gene ID
57934
57935
64272
64269
64267
64273
64612
64613
64614
64615
64616
64609
64610
64611
114457
192322
245703
561635
326018
321808
327379
327650
569510
406660
336421
562064
570716
100001532
368217
336121
386933
387526
393953
393946
393998
100006675
568726
436815
445208
445076
449707
564719
492576
563228
564064
497384
541499
562585
568823
569191
569137
569052
565629
559080
403009
561589
563147
791855
566075
550436
568565
570652
100137117
557902
407700
563724
557498
559728
793359
100037383
735303
100149388
567611
794666
556608
557026
100006888
100148976
100005590
100321746
795135
569376
558685
560151
570108
562619
100003514
571679
100149598
557353
563744
569499
565781
571825
564522
566845
100538267
100333578
572476
101885761
100331465
30331
30468
