NCBI Gene ID
192307
280652
563633
323883
321378
324655
326102
793939
100001615
334373
554152
334628
100006858
322106
352930
569403
368421
619201
394099
393998
100005514
393861
406533
321695
406816
406825
415210
445076
403042
494092
564064
568184
796318
777760
503728
544651
541318
550267
565038
792224
548610
563147
619520
570772
560334
553266
561724
767723
558170
799608
572370
557882
323898
791154
100535551
553327
100007048
101886177
100332121
30299
30269
30222
30189
30444
30181
30225
30154
30654
558147
