Human NCBI Gene ID
572
5599
5584
5792
805
10211
2319
3643
2203
5576
5295
5291
1978
6464
2475
7248
3636
808
79660
5499
23433
5501
2872
5500
5564
9021
2194
801
3667
80201
5594
2998
5105
2538
208
5255
5595
5296
1977
2889
5293
5837
2997
5567
6009
5507
5170
2885
3099
6198
5571
5106
23265
5604
3098
1399
8503
5261
8660
1398
8651
5566
6194
673
3845
8789
5834
5605
9322
867
5836
8835
369
5573
25759
5506
9470
3265
10000
5260
5602
53632
3991
32
31
2645
51422
5575
2308
92579
6654
5590
122809
91860
3551
5509
8569
10891
5565
5563
2932
6655
2002
6720
5894
5601
5257
8471
53358
5290
5256
57521
207
3630
253314
5770
4893
