NCBI Gene ID
100005551
100005763
100144569
100330864
100536156
100538266
103910413
110438480
266992
30083
30084
30085
30086
30733
30740
321720
322089
322660
324134
324845
327057
327590
335716
368909
393113
393143
393744
393906
394170
402979
405829
406383
406558
436595
436652
436692
437016
445151
445201
445245
447810
447928
449835
474325
492517
494065
503707
541538
550332
550560
554129
556849
557708
557972
558466
559958
560627
561683
562399
562627
563597
567734
570478
570547
58120
678543
798022
799449
81540
