NCBI Gene ID
100000479
100001302
100001914
100003587
100003679
100004133
100006147
100007521
100007662
100037384
100037391
100073325
100073331
100136859
100148091
100148604
100151173
100318335
100319387
100330031
100330952
100331274
100331775
100334486
100537290
103909792
114445
170784
192341
30100
30450
30622
30637
321544
321689
321695
321832
321837
321875
321943
322854
323883
323951
324015
324089
324237
324243
324655
325470
327215
334133
334373
334627
335226
335409
335444
336088
336598
337810
368425
373107
373108
393223
393313
393314
393445
393599
393716
393907
393933
393934
393966
394002
394085
402829
406255
406260
406335
406353
406596
406606
406672
406712
406776
406794
406807
406816
406825
415148
415162
436602
436713
436873
436961
437020
445073
445100
445501
447935
449811
449846
492364
494046
503534
541355
550134
550328
550464
550576
553013
553327
553415
553603
554561
556277
556864
557121
557472
557513
558402
558479
559439
559634
559776
559981
560313
562014
562764
562982
563542
563633
563708
564149
564377
564496
564527
564866
564991
565383
565498
565844
566441
567370
568795
569473
572370
641289
692325
751740
768140
777766
791202
792398
792631
793939
794323
795635
796547
797853
798352
80955
