NCBI Gene ID
100001219
100126021
100170827
100330276
100333765
101884223
103911967
108179007
114427
140507
140508
140509
140510
140511
140513
140514
140515
140516
140517
140518
140521
140522
140523
140524
140525
140526
140527
140528
140529
140530
140537
280647
324025
324940
325494
327329
334393
337070
337230
338183
368235
368284
393123
393589
393745
394154
394188
445405
447847
449661
493608
503745
541317
555187
556680
556702
558898
561673
562037
566565
568332
569778
571144
692329
751732
792787
793097
