NCBI Gene ID
100000992
100002384
100003066
100003139
100004566
100005158
100038785
100073345
100330915
100332034
100332691
100333064
100333135
100535363
100537318
100538220
101884787
108179059
140512
140519
140520
140531
140532
140533
140534
140535
140536
140538
140539
140540
140541
192335
192336
195824
286779
321724
321951
322549
322811
324307
325402
325712
326962
326975
326977
335025
335191
335709
335751
335774
336118
336957
337583
359839
359840
368907
393478
393497
393675
393687
393700
393703
393706
393720
393764
393776
393781
393793
393821
393829
393884
393935
393943
394110
394151
394181
402880
402883
402961
406298
406301
406306
406342
406359
406413
406599
406726
415158
415243
415253
436762
436768
436799
436930
436968
445042
445122
445129
445291
445500
447913
447914
447942
449655
449787
450017
493605
494577
541328
541331
541390
550451
550531
553384
553660
553672
553691
553755
553767
554100
554101
554103
554125
554135
554154
556538
557348
559659
561117
561469
562149
562219
563476
564379
566723
569770
573021
573619
573689
641476
641566
751638
767664
767750
796997
797063
798291
81541
