NCBI Gene ID
100000026
100000275
100000352
100000478
100000559
100000654
100000684
100000709
100000750
100000775
100000859
100000992
100001225
100001532
100001552
100001620
100001676
100002015
100002020
100002035
100002145
100002263
100002302
100002310
100002366
100002384
100002812
100002875
100002956
100002993
100003066
100003139
100003383
100003546
100003595
100003615
100003675
100003745
100003900
100003996
100004018
100004076
100004136
100004274
100004331
100004557
100004566
100004652
100004700
100004744
100004770
100004977
100005033
100005054
100005067
100005158
100005375
100005551
100005565
100005587
100005704
100005761
100005763
100006023
100006223
100006238
100006303
100006320
100006345
100006350
100006448
100006589
100006793
100007286
100007670
100007686
100007749
100008541
100034366
100034406
100034522
100036767
100037312
100037326
100037331
100037338
100037342
100037349
100037356
100038785
100038790
100048920
100073330
100093713
100124609
100124622
100126013
100126019
100126133
100136853
100136866
100137124
100141344
100141353
100141367
100141496
100142647
100144569
100144628
100147850
100148292
100148522
100148581
100148642
100148744
100148818
100148828
100148835
100148922
100148976
100149080
100149204
100149324
100149838
100149843
100150090
100150288
100150304
100150463
100150934
100150965
100151036
100151110
100151215
100151256
100170813
100192219
100310831
100317089
100317129
100329505
100329531
100329827
100329944
100330155
100330160
100330410
100330415
100330514
100330695
100330698
100330772
100330864
100330875
100330915
100331020
100331155
100331172
100331179
100331460
100331575
100331649
100331665
100331714
100331745
100331840
100331902
100331984
100332034
100332039
100332076
100332380
100332468
100332609
100332644
100332691
100332784
100332843
100332846
100332911
100333064
100333135
100333145
100333269
100333321
100333333
100333350
100333524
100333665
100333702
100333727
100333757
100333777
100333801
100333987
100334231
100334384
100334568
100334605
100334730
100334784
100334830
100379286
100384891
100384893
100384895
100384896
100384897
100384898
100384899
100384901
100384902
100384903
100415791
100415792
100415794
100415797
100415798
100415799
100415800
100526683
100534896
100535363
100535432
100535634
100535692
100536119
100536156
100536162
100536353
100536469
100536523
100536673
100536795
100536819
100536873
100537318
100537407
100537538
100537787
100537991
100538007
100538220
100538266
100538291
100885772
101669768
101882239
101882295
101882461
101882578
101883911
101883995
101884069
101884072
101884228
101884360
101884388
101884755
101884787
101884921
101885478
101886068
101886093
101886255
101886411
101886429
101886447
101886516
101886595
101886626
101886891
101886904
101887155
103908621
103909643
103910015
103910413
103911184
103911233
103911725
108179059
108179934
108181664
110437777
110437932
110438373
110438480
114426
114551
116517
116713
116991
140424
140425
140426
140512
140519
140520
140531
140532
140533
140534
140535
140536
140538
140539
140540
140541
140615
140620
140622
140744
192305
192309
192315
192334
192335
192336
195824
246094
246095
246226
246227
259189
259250
259251
260441
266797
266799
266987
266992
280648
282559
282672
286779
30068
30083
30084
30085
30086
30095
30207
30331
30381
30384
30390
30430
30496
30497
30505
30554
30617
30643
30644
30659
30685
30733
30740
317737
317738
317743
317744
317745
317746
321084
321193
321218
321224
321245
321294
321621
321664
321720
321724
321793
321892
321928
321951
322055
322089
322228
322229
322309
322339
322341
322372
322378
322420
322468
322481
322482
322506
322513
322533
322549
322605
322609
322614
322626
322660
322670
322720
322732
322780
322811
323020
323107
323329
323613
323653
323918
323929
323994
324052
324079
324134
324188
324201
324211
324307
324340
324366
324407
324510
324556
324845
324900
324947
325179
325316
325395
325402
325561
325712
325875
326857
326906
326954
326962
326975
326977
327057
327075
327165
327274
327288
327329
327346
327417
327453
327462
327496
327506
327507
327512
327566
327590
327601
327635
333974
333997
334082
334098
334116
334121
334161
334195
334197
334208
334217
334270
334420
334431
334494
334561
334897
335025
335153
335159
335191
335231
335485
335538
335709
335715
335716
335732
335751
335774
335817
335974
335985
336118
336257
336425
336473
336492
336526
336606
336798
336957
336977
337131
337166
337236
337333
337412
337489
337583
337599
337690
337696
337784
338183
338290
338306
352926
352928
352929
352933
352943
359839
359840
368213
368220
368229
368239
368242
368262
368360
368367
368410
368415
368433
368477
368717
368775
368907
368909
368912
369193
373082
373092
373124
373131
373132
373866
373867
373884
378441
378446
378713
378722
378727
378847
378960
378962
378963
378968
386661
386710
386801
386951
387290
387303
387526
387530
393096
393105
393108
393113
393123
393127
393135
393143
393160
393191
393264
393293
393305
393315
393326
393330
393335
393350
393361
393365
393387
393393
393400
393421
393423
393425
393427
393441
393444
393448
393455
393461
393462
393469
393478
393493
393497
393526
393528
393532
393539
393542
393549
393556
393559
393580
393584
393592
393598
393622
393641
393649
393657
393668
393675
393677
393687
393697
393700
393703
393713
393714
393720
393724
393744
393753
393761
393764
393769
393776
393778
393781
393782
393787
393793
393799
393810
393821
393829
393838
393839
393845
393857
393860
393864
393867
393876
393884
393906
393912
393926
393931
393935
393938
393943
393970
393982
393983
393984
393997
394000
394009
394021
394033
394052
394060
394075
394077
394083
394103
394110
394114
394129
394130
394133
394135
394138
394142
394148
394151
394155
394156
394161
394170
394174
394181
394188
394190
394230
394240
394246
394247
399479
399481
399485
399662
399692
402795
402799
402802
402822
402826
402827
402830
402831
402841
402842
402868
402874
402880
402883
402904
402939
402940
402942
402953
402954
402970
402979
402981
402985
402994
403051
403068
403070
403086
403116
403338
404036
404620
404633
404730
404731
405766
405776
405800
405806
405814
405822
405829
405845
405861
405863
405865
405867
406259
406265
406278
406283
406290
406298
406299
406301
406306
406323
406325
406330
406338
406339
406342
406359
406367
406370
406383
406385
406405
406408
406413
406421
406428
406433
406449
406470
406473
406474
406477
406482
406496
406528
406539
406554
406558
406567
406575
406590
406598
406599
406605
406619
406648
406651
406661
406662
406667
406688
406696
406702
406703
406725
406726
406731
406734
406736
406739
406746
406762
406789
406791
406799
406801
406819
406830
406831
407614
407659
407663
407673
407683
407700
407706
407712
407715
407716
407989
414331
414844
415103
415146
415152
415158
415161
415176
415192
415207
415208
415216
415227
415239
415243
415247
415253
431716
431723
431724
431727
431743
431754
431762
431773
436595
436597
436600
436603
436604
436610
436622
436627
436646
436647
436652
436664
436672
436692
436725
436729
436731
436733
436747
436754
436762
436768
436771
436799
436827
436833
436838
436850
436852
436878
436893
436894
436896
436903
436909
436914
436919
436922
436930
436949
436958
436959
436968
436981
436989
437016
437018
437019
437022
442923
445022
445042
445049
445060
445069
445071
445083
445094
445097
445118
445121
445122
445129
445134
445151
445168
445175
445182
445194
445198
445201
445202
445242
445245
445250
445252
445281
445287
445288
445290
445291
445322
445326
445327
445376
445486
445492
445494
445500
445504
445505
445562
445818
446213
446214
447801
447802
447810
447815
447836
447838
447840
447848
447860
447864
447881
447889
447891
447895
447905
447913
447914
447919
447920
447928
447941
447942
449537
449558
449649
449655
449662
449784
449787
449801
449816
449829
449831
449835
449945
449987
450000
450002
450003
450016
450017
450031
450050
450052
450054
450063
450068
450072
450077
450078
450083
450084
474321
474325
474331
492359
492476
492477
492500
492517
492518
492549
492710
492719
492735
492759
492760
492773
492778
492779
492781
492789
492796
493602
493605
493780
493783
493916
494054
494055
494056
494065
494076
494077
494083
494091
494099
494102
494154
494176
494577
497183
497279
497280
497281
497407
497644
503707
503759
503760
503765
503885
504040
504044
541317
541321
541328
541329
541331
541347
541364
541388
541390
541402
541416
541423
541429
541435
541449
541479
541489
541511
541517
541538
541539
544666
548336
548343
548346
548607
550233
550242
550259
550266
550282
550322
550327
550332
550338
550369
550370
550372
550388
550396
550398
550403
550420
550425
550451
550460
550486
550494
550502
550524
550533
550550
550560
550565
550579
550580
550586
552981
552997
553169
553187
553189
553210
553239
553246
553270
553283
553292
553326
553380
553384
553401
553433
553440
553452
553501
553508
553513
553523
553524
553532
553564
553569
553575
553585
553595
553629
553639
553646
553653
553655
553660
553668
553671
553672
553676
553683
553691
553701
553708
553712
553716
553717
553722
553725
553734
553750
553754
553755
553762
553767
553770
553792
553795
553804
553944
553952
553969
553981
554036
554100
554101
554103
554124
554125
554129
554135
554136
554143
554145
554154
554477
554700
555196
555206
555271
555308
555317
555330
555344
555376
555401
555411
555443
555470
555478
555496
555599
555623
555725
555748
555864
555899
555911
555920
555969
556049
556077
556086
556193
556229
556236
556237
556280
556291
556439
556445
556522
556528
556535
556538
556544
556557
556575
556578
556641
556667
556680
556700
556744
556781
556797
556815
556849
556956
557008
557026
557048
557059
557077
557125
557166
557181
557186
557187
557191
557205
557232
557240
557286
557324
557348
557518
557525
557552
557614
557628
557632
557675
557680
557708
557716
557735
557756
557817
557834
557902
557919
557972
557979
558050
558068
558186
558239
558337
558373
558422
558437
558466
558473
558487
558496
558499
558508
558524
558541
558601
558684
558716
558775
558898
558930
558940
559001
559020
559054
559072
559073
559087
559097
559103
559107
559124
559148
559198
559207
559212
559228
559240
559295
559298
559305
559332
559373
559403
559442
559488
559504
559521
559537
559560
559635
559656
559659
559736
559850
559945
559958
559959
560006
560020
560126
560219
560225
560242
560273
560360
560387
560410
560486
560627
560638
560649
560653
560682
560717
560719
560753
560778
560793
560807
560826
560827
560856
560881
560915
560919
560944
560951
561018
561030
561117
561172
561272
561303
561338
561372
561410
561416
561469
561471
561542
561683
561737
561747
561756
561803
561891
562007
562037
562047
562149
562219
562250
562292
562316
562357
562399
562480
562569
562573
562592
562619
562627
562714
562739
562771
562774
562840
562854
562919
563019
563020
563038
563138
563180
563201
563255
563281
563343
563347
563363
563369
563432
563446
563476
563543
563589
563594
563597
563642
563654
563724
563799
563806
563849
563855
563878
563897
563950
563955
563972
563993
564111
564147
564201
564261
564336
564379
564389
564465
564552
564575
564592
564613
564619
564649
564675
564694
564697
564739
564746
564750
564754
564852
564867
565059
565117
565122
565184
565235
565246
565295
565316
565329
565370
565372
565385
565386
565422
565669
565700
565706
565743
565785
565862
565876
565971
566019
566078
566085
566123
566165
566188
566323
566398
566479
566487
566506
566527
566539
566563
566565
566612
566675
566723
566746
566825
566863
566872
566998
567051
567157
567170
567204
567275
567286
567414
567547
567548
567587
567592
567720
567728
567734
567794
567798
567859
567861
567869
567881
567897
567913
567938
567970
568001
568096
568099
568143
568162
568169
568219
568256
568288
568381
568448
568500
568547
568616
568645
568713
568726
568744
568915
569014
569027
569040
569041
569053
569112
569142
569184
569250
569254
569348
569363
569376
569494
569499
569507
569568
569581
569734
569769
569770
569930
569945
569980
569989
570007
570106
570248
570368
570437
570443
570457
570459
570474
570478
570547
570552
570579
570613
570652
570678
570695
570720
570828
570866
570913
571003
571011
571201
571263
571274
571344
571355
571356
571365
571388
571426
571441
571738
571825
571850
571876
571911
571938
571967
572027
572052
572061
572070
572324
572492
572518
572649
572733
572841
572849
573013
573021
573619
573689
573723
574009
58016
58068
58074
58120
58141
58215
60640
606579
60658
606663
613246
619247
619259
619269
641423
641476
641479
641488
641489
641566
641570
64263
64265
64607
64608
64674
64815
664696
664741
664750
664754
664765
664772
678522
678540
678541
678543
678545
678558
678597
678614
678634
692278
723997
723999
724006
724010
724056
724080
751093
751596
751629
751635
751638
751651
751653
751668
751669
751691
751701
751732
751733
751742
751745
751785
767653
767661
767664
767675
767680
767682
767688
767705
767715
767750
767756
767759
767778
768123
768131
768133
768185
768196
777616
777624
777632
777635
777716
777719
777792
777793
780844
790916
790919
791124
791130
791142
791145
791159
791167
791189
791197
791203
791210
791448
791470
791518
791592
791612
791613
791628
791647
791728
791730
791759
791775
791844
791915
792041
792063
792097
792137
792268
792506
792527
792692
792824
793046
793249
793294
793309
793362
793471
793524
793584
793609
793635
793671
793735
79378
79381
793834
793926
794084
794088
794132
794199
794259
794311
794381
794598
794667
794752
795008
795050
795106
795256
795261
795305
795400
795445
795901
795959
796025
796135
796295
796410
796436
796449
796487
796549
796720
796749
796865
796997
797063
797132
797211
797296
797309
797311
797439
797512
797549
797715
797748
797914
798022
798206
798226
798291
798349
798364
798606
798716
798788
798864
798876
798918
798974
799099
799278
799387
799449
799492
799528
799638
799805
799868
799942
799960
799963
799964
80374
80872
80939
81540
81541
81882
84039
