NCBI Gene ID
100000764
100001424
100002479
100002946
100003167
100003859
100003911
100004224
100004358
100004455
100004617
100004625
100004988
100005081
100005924
100006078
100006301
100006778
100037357
100126803
100134935
100134971
100134973
100134974
100134976
100135062
100135755
100144554
100144562
100149404
100149664
100150203
100150233
100151629
100174902
100188894
100189608
100192217
100270764
100329124
100329171
100329520
100329796
100331014
100331105
100331351
100331938
100332902
100333821
100333914
100334210
100534674
100535003
100537421
100538314
100885851
101883301
101883535
101883537
101883597
101883679
101883994
101884175
101886252
101886665
101886937
101887111
101887143
103911891
103911910
108190761
110438942
110440027
114447
140619
140747
30072
30125
30180
30183
30268
30270
30275
30457
30584
30612
30615
30631
30632
30642
30739
30742
334010
334183
336944
338101
352944
359834
360134
368326
368438
369194
369195
373093
394026
404605
405770
405785
405790
406247
406471
407639
407649
407651
436866
445373
445381
445410
445816
447846
493624
497643
503761
541493
553359
553366
553500
553816
553957
553959
553960
553961
553962
553964
554167
555655
555717
556326
556728
557567
558616
559222
559723
559725
560193
560446
560578
561050
561268
561494
561963
562247
562533
562822
563003
563152
563287
563674
563884
563964
564338
564348
564874
565104
565958
566470
567241
567472
567542
568405
570404
570520
571217
571368
572204
572522
58133
58145
58151
619391
641390
64274
654692
654826
678542
678622
735295
751109
751714
768248
777653
777717
791704
791973
792928
793148
793479
793819
793920
794493
794616
795469
795788
796370
796604
796724
797181
797527
797669
798119
798191
798441
798740
798811
798892
799204
799279
799352
799354
799475
799527
799556
799612
799982
