NCBI Gene ID
100001532
100001586
100002225
100002318
100006675
100148581
100148818
100148976
100149080
100149273
100149388
100150844
100270671
100270672
100321746
100333702
100333967
100334486
100537538
101884360
170581
192322
245950
266756
30380
30498
30554
30681
30716
321808
325084
325488
327379
334571
335916
336121
336839
337179
353222
360141
360144
368217
373882
378478
393228
393953
393998
399480
402917
402987
403052
403310
403311
405791
406308
406514
406660
406728
407664
407700
415185
436815
445076
445208
445289
492789
493609
493613
497384
541323
550286
550436
553656
556226
556286
556410
556641
557026
557109
557258
557353
557810
557902
558321
559087
559964
560151
560211
560410
560719
560807
560913
561670
562064
562552
562585
562619
562720
563147
563181
563724
563953
564064
564687
565386
565743
566945
567611
567895
568726
568951
569376
569499
569698
570108
570652
570683
571431
571825
572492
65236
65237
65239
791855
793158
793359
793708
794666
797938
798222
798864
799278
