NCBI Gene ID
100004402
100005893
100037380
100126123
100145909
100535101
100535720
192318
192325
192328
192330
192331
286774
30671
321114
321544
321555
321852
321860
321872
321931
321948
322206
323071
323700
323855
324121
324476
326944
327011
327336
327495
334283
334490
335396
336645
337851
368417
368893
368925
373077
378453
387600
393282
393292
393388
393436
393467
393476
393480
393505
393565
393586
393669
393840
393850
393889
393917
393920
393951
393968
393979
394018
394053
394058
394059
394172
402896
402950
402966
402972
402989
403072
405835
406264
406267
406288
406352
406495
406691
406775
406810
406824
415140
415157
415167
415171
415211
431751
436751
436883
436946
436976
445043
445089
445302
445383
445398
445404
446117
446168
447922
449780
492481
492495
492511
493614
494133
494165
494534
503767
503932
550244
550373
555643
557103
558042
558760
560127
560210
562370
562935
563948
566017
566326
567461
568088
570205
570994
572211
572679
573047
573376
57924
606595
751729
790924
793027
796388
796523
797473
798846
799690
