NCBI Gene ID
100000026
100005587
100006238
100136866
100137124
100142647
100148835
100150463
100331214
100331649
100332911
100334794
100536469
100536795
101884800
101887155
110438373
30354
322481
323653
325875
334197
334270
335485
368239
378960
393096
393462
393997
399481
406265
406554
406734
431758
436610
436731
436958
445326
447920
450063
450083
492710
494083
553380
553452
557324
557680
558422
558437
559124
560638
563806
564613
564739
565117
565122
565316
567414
567728
569053
570678
570695
572841
641489
678522
692278
724010
767778
777624
793926
794598
799099
799805
