NCBI Gene ID
100000026
100000709
100000859
100003546
100003615
100004770
100005587
100005761
100006238
100006350
100036767
100536523
100536795
101886516
30643
321245
323653
325395
326906
334197
335153
368239
368262
368912
393462
393860
393876
399479
399481
402830
436729
445121
445198
445290
447920
450003
492710
494076
497407
541423
553292
553401
555271
556077
556086
556229
556535
557048
557205
557979
558068
558337
558601
559560
559635
559945
560793
560856
563799
564575
564592
565862
566825
567859
567970
568162
568616
569027
569041
569250
569507
571274
572649
572849
664754
751629
768131
768133
777635
793834
794199
796720
796749
797296
