NCBI Gene ID
100000750
100001198
100005446
100006023
100034412
100037357
100149042
100149273
100149794
100150233
100170795
100321338
100329897
100332846
100333227
100334818
101884909
101910198
30281
30298
30307
30464
30530
30767
323099
324254
333979
334561
335159
335232
335409
353221
378727
378972
393285
393287
393426
393622
403146
405785
406440
406463
406471
406473
406596
406821
415099
436617
436636
436740
436905
445118
445175
447860
449677
541530
550361
550537
553319
553418
555308
555521
555578
555778
556236
557526
557714
558088
559281
559656
560000
560140
560549
562602
562720
563180
563298
563560
564295
564348
565756
566863
567157
567241
568316
569698
570761
572001
572074
58130
65236
678619
751715
790919
790944
794462
