NCBI Gene ID
100002993
100006320
100124622
100379286
100384891
100384893
100384895
100384896
100384897
100384898
100384899
100384901
100384902
100384903
100415791
100415792
100415794
100415797
100415798
100415799
100415800
116517
282559
322378
322482
324366
393427
393493
393556
402841
402939
404730
406703
406731
406736
431762
436833
436894
449784
492500
553169
553952
556049
557008
557525
557628
558050
558508
563972
564619
567275
568744
570457
570913
571365
641479
641488
64265
678541
678597
723997
751669
767705
767756
791210
791613
792506
79381
794311
795050
795261
797211
