NCBI Gene ID
100000252
100002263
100002318
100005268
100005885
100006888
100009657
100049158
100148604
100148976
100149273
100149794
100307076
100318335
100330483
100333151
100333702
100534937
101884360
101910198
114433
192295
245701
245702
266756
280649
30262
30450
30573
30591
30681
30702
30716
322854
323509
327650
336421
337670
338219
360144
368316
378972
393223
393228
393886
393907
393946
393956
393998
394108
394174
399480
403063
403065
403146
404206
404211
406715
406728
415185
445076
445246
445289
445501
447870
494046
550258
550434
550576
557026
557109
557176
557810
557902
558402
560410
560549
560719
560807
561737
561788
562014
562552
562619
562720
563147
563432
563724
564064
565155
566735
568726
568795
569473
569499
569575
569698
570652
571285
571825
57925
58025
65236
65237
751740
767751
768140
777728
79079
795517
798352
80973
