NCBI Gene ID
100000981
100001532
100002225
100003514
100005880
100006675
100006888
100007679
100125912
100148976
100149080
100149388
100150246
100150304
100330875
100331216
100332913
100333702
100333967
100535718
100537538
101884360
103909601
282557
30236
30380
30716
322106
323509
325084
326020
327377
327650
335798
336421
336681
337223
360144
368461
373080
378444
378478
378480
378718
378719
378845
386701
386856
393154
393228
393664
393946
393953
393998
394005
399480
403045
406303
406308
406533
406728
406811
407700
431777
445076
445164
445289
493609
493613
497384
541323
550286
550420
550458
553656
554127
555576
556286
556339
557026
557109
557191
557194
557353
557902
558321
558552
559529
559806
560410
560564
560719
560807
560808
561670
562585
562619
563147
563181
563724
563953
564064
565459
565638
566430
567611
568126
568406
568726
569376
569499
570108
570652
571431
571825
572372
573122
573216
641421
641561
641565
751784
767746
767790
767806
792024
792634
794666
795591
796490
798657
80973
