NCBI Gene ID
100001532
100002225
100003514
100006675
100006888
100034412
100148840
100148976
100149080
100149082
100321746
100332722
100333145
100333318
100333702
100333967
100537538
100538072
101884360
114833
192322
30080
30105
30122
30123
30127
30128
30144
30171
30207
30256
30265
30283
30308
30363
30364
30366
30369
30370
30380
30412
30442
30510
30523
30556
30654
30701
30716
321808
323509
323630
324004
327379
327650
336121
336421
338317
353151
353221
359837
360144
368217
393228
393533
393760
393801
393946
393953
393998
399480
406660
406728
406853
407700
436815
437022
445076
445208
445289
497384
497629
497649
550286
550436
553179
553181
553656
553700
553976
556087
557026
557109
557353
557384
557447
557882
557902
559273
560032
560081
560151
560410
560719
560807
561831
562064
562619
563147
563181
563427
563724
563953
564064
565612
565677
565714
565921
566841
567111
567746
568110
568191
568726
569376
569420
569499
569863
570108
570652
571825
573207
58023
58032
58072
58073
58074
60632
751644
791169
791563
791595
791855
791993
793359
798222
798574
80972
