NCBI Gene ID
100000859
100005717
100006023
100037342
100126133
100150288
100332846
100333227
101884755
110437777
140615
30643
317738
322626
326954
327274
327417
334121
334217
334561
335159
335732
336606
368367
368912
386661
393105
393135
393425
393441
393622
393657
393769
393839
394156
402954
405845
406283
406325
406421
406648
406725
406830
431754
445121
445175
445288
445290
447860
449662
449677
449816
450002
550361
550550
553326
553401
553734
554145
555308
558088
559001
559403
559656
560000
561303
562292
564111
564649
566085
566863
567157
573723
64815
678614
767653
793834
798606
