NCBI Gene ID
100000252
100002225
100002263
100002318
100002946
100003223
100003859
100003911
100034507
100037341
100038774
100136840
100149388
100149794
100150414
100151416
100151464
100317924
100321746
100330617
100331892
100333254
100334443
100536317
100885851
101885420
101910198
192295
192321
192322
266756
280651
280653
30188
30222
30296
30380
30483
30590
30637
30639
30681
30686
30716
30739
321726
321808
322126
322129
323671
324254
326283
327067
327301
327321
327379
333941
334373
334582
334597
336121
336998
337167
337730
359834
360144
368217
368316
368415
369194
369195
378972
393141
393162
393176
393186
393228
393377
393417
393548
393557
393702
393872
394072
394174
399480
402908
402991
403064
403079
403146
403310
403311
404206
404211
406304
406452
406507
406529
406637
406660
406715
406728
406741
406768
406825
407980
415099
415155
415165
415185
431763
445091
445289
445390
447814
447870
449660
449996
494532
497646
541374
544655
550286
550513
550554
550587
553029
553353
553656
557109
557176
557551
557648
557810
557850
557926
559723
560151
560446
560549
560578
560688
560867
561280
561682
561737
561772
562552
562585
563053
563181
563884
563903
564337
564413
565038
565106
565241
565756
565825
566370
566869
567524
567611
567770
567969
568315
568846
569156
569515
570332
571753
571865
572042
572323
58025
58092
606616
64885
65237
65239
767703
767751
767781
768121
768182
777730
777733
777755
791146
791453
792928
794088
794574
794666
795522
797132
799566
799608
80973
