NCBI Gene ID
100003595
100005054
100005067
100005551
100148976
100150304
100151215
100330772
100330864
100330875
100331745
100332468
100333350
100333702
100334568
100536156
100536162
100538266
101883995
101884360
140424
140425
140426
140620
140622
192305
30083
30084
30085
30086
30733
30740
317745
321193
321793
322229
324845
333997
334431
335716
338306
368220
368410
368909
373884
393393
393559
393641
393697
393713
393810
393845
393867
393906
394000
394077
394170
402940
402953
405822
406259
406404
406558
406590
406661
407989
415146
415176
415192
415208
415216
431724
436595
436604
436652
436692
436919
436981
436989
445069
445151
445201
445486
447810
447889
447905
449987
474325
494056
504040
541538
548336
550420
550502
550533
550560
550586
553270
553639
553671
553701
553708
554129
554700
555599
555911
556578
556849
557026
557191
557708
557735
557834
557902
557972
559295
559298
559332
559488
560410
560486
560627
560653
560719
560807
560827
561338
561683
562357
562399
562619
562627
563343
563432
563724
564389
564465
565706
566998
567051
568219
568726
569112
569142
569499
570437
570474
570652
571011
571344
571355
571825
572027
572052
572061
58120
58141
678545
751742
777719
791145
791647
798022
799449
799942
80939
