NCBI Gene ID
100001532
100001644
100002318
100002802
100003220
100003223
100003278
100003329
100005325
100005981
100006516
100006888
100007048
100007492
100034540
100034580
100037315
100037358
100037383
100124599
100126126
100148645
100148976
100149080
100149100
100149794
100150428
100321746
100329748
100329813
100331116
100331199
100333318
100333455
100333702
100333967
100535196
100537244
100537538
100538072
101882457
101884360
101885761
101886094
101886280
101886666
101886947
101910198
114457
170581
192322
245703
260440
266756
30324
30468
30616
30681
321552
321808
322013
322485
323509
323588
324244
327263
327301
327379
327650
334597
336121
336421
337770
338317
353247
353248
360144
368217
373076
373878
373881
378746
378972
386711
393100
393614
393885
393908
393940
393946
393998
399480
403146
403310
403311
405791
405816
406437
406514
406582
406598
406610
406660
406685
406853
407700
407980
408256
415107
415108
415164
415175
415185
415209
436745
436815
436925
445076
445208
449548
492486
494489
497384
503772
541376
550357
550428
550436
550445
550585
553489
553700
555423
555432
555548
555567
556410
556703
557026
557194
557208
557259
557353
557430
557498
557499
557810
557902
558525
558752
558810
559015
559170
559392
559728
559964
560151
560410
560549
560561
560719
560807
561190
561434
562064
562282
562422
562460
562552
562619
562640
563147
563724
563953
564064
564261
564883
565158
565173
565838
565849
565910
566032
566069
566868
567212
567239
567438
568225
568265
568463
568512
568565
568614
568671
568726
568759
569376
569480
569499
569855
570108
570210
570652
570683
570772
571193
571753
571825
573207
574000
574004
58071
58114
64267
64269
64272
64273
64609
64610
64611
64612
64613
64614
64615
64616
64671
65237
677750
678560
768300
777612
791169
791855
793359
793666
793708
794222
794522
794575
795135
795492
795688
796289
797199
797409
797554
798222
798498
