NCBI Gene ID
100000574
100000783
100001004
100001285
100003254
100003763
100003969
100004011
100004510
100004768
100006331
100125271
100141358
100148591
100151041
100332229
100332885
100333615
100334621
100334934
100535713
100536331
100536981
100538134
101882533
103908687
103909881
103911342
103911344
108191561
110440037
192302
192313
252913
282615
30731
317678
317679
321217
321726
322129
322248
322397
323115
324479
324822
326078
326668
326866
327070
327618
334032
334173
337105
337133
337414
353295
386775
393225
393245
393628
393709
393774
393911
394048
394050
402932
403020
403077
405852
406357
406394
406444
406557
406675
406809
407699
436638
436695
436877
437025
445141
445300
449794
450079
474324
494062
494160
503606
503731
553471
553775
554094
557263
558344
558711
559084
559220
559803
560309
560527
560622
561095
561187
562045
562140
562355
562738
563177
563304
563456
564317
564652
564825
565202
565366
566102
566219
566352
566686
566768
567476
567709
568161
568230
569589
570115
571727
57934
57935
57952
606720
678613
768122
791987
794477
795272
796934
799716
799918
81595
