NCBI Gene ID
100000095
100000544
100000558
100000959
100000981
100001259
100001424
100001530
100001562
100001586
100001596
100001633
100001636
100001828
100001854
100001919
100002108
100002125
100002189
100002285
100002324
100002481
100002494
100002553
100002627
100002715
100002786
100003265
100003319
100003342
100003441
100003503
100003535
100003539
100003610
100003630
100003848
100003852
100003922
100004053
100004589
100004739
100004742
100004819
100004938
100005295
100005344
100005416
100005461
100005512
100005590
100005675
100006361
100006941
100007535
100007585
100007598
100007763
100007926
100008558
100034373
100034374
100034376
100034377
100034378
100034379
100034380
100034381
100034412
100034516
100034543
100034599
100034600
100034601
100034639
100034645
100034646
100034659
100037315
100037375
100038775
100073342
100124597
100137117
100141339
100147937
100147984
100148183
100148468
100149100
100149161
100149223
100149482
100149491
100149598
100149666
100149675
100149732
100150233
100150246
100150393
100150578
100150617
100150701
100150704
100150764
100150810
100150997
100151047
100151309
100151502
100270671
100270672
100272161
100310830
100310882
100320280
100322075
100329273
100329592
100329657
100330554
100330560
100330650
100330681
100330960
100331077
100331190
100331377
100331381
100331465
100331742
100332187
100332193
100332913
100333101
100333265
100333270
100333348
100333455
100333578
100333648
100333697
100334247
100334518
100334689
100334757
100334883
100334958
100334962
100334963
100335005
100498669
100529086
100534787
100535026
100535037
100535160
100535309
100535672
100535889
100536023
100536080
100536406
100536659
100536871
100536970
100537117
100537284
100537296
100537401
100537531
100537567
100538216
100884159
100996239
101882451
101882535
101882633
101882637
101882850
101882925
101883306
101883414
101884385
101884764
101884890
101885196
101885329
101885360
101885514
101886159
101886606
101886828
102216338
102216340
103908930
103909337
103911782
108179083
108179103
108179223
108180247
108190685
108191508
108191509
110437754
110437788
110437881
110438919
110438944
110439889
110440059
110440145
114550
170450
170451
170452
170457
192124
195820
259257
259258
266721
266750
266751
266752
266754
266755
282554
282557
286833
286834
286835
30211
30281
30442
30491
30509
30607
30629
30650
30651
30660
30661
30667
30668
30669
30670
30676
30713
30714
30717
30725
317643
321046
322485
322691
325881
326018
335625
336069
336153
336252
336529
352920
352922
352938
353151
353152
353153
353180
353181
353221
353222
353223
360136
360139
360141
368199
368228
368264
368416
368435
368461
368475
373873
373879
378718
378719
387296
387297
387298
387299
387300
387301
393608
393704
394199
394236
402812
402851
402853
402857
402917
402920
402987
403044
403050
403114
404209
404273
405774
405866
405885
405886
406378
406588
407639
407651
407657
407735
414850
436584
436744
445184
445193
445315
445508
447932
448841
449010
449808
449864
450011
474322
492350
492486
492507
492520
494039
503564
503565
503566
503772
503864
503868
541314
541315
550520
550584
553402
553675
553740
553978
554606
555473
555482
555516
555576
555634
555747
555939
556013
556202
556429
556431
556451
556502
556507
556532
556582
556619
557194
557259
557276
557511
557645
558248
558427
558477
558520
558546
558708
558878
559089
559133
559201
559315
559693
559806
559950
559976
559978
560023
560057
560081
560086
560100
560267
560268
560530
560609
560647
560808
560955
561083
561195
561260
561324
561406
561491
561540
561565
561647
561701
561738
561773
561834
561898
561906
561935
561989
562111
562364
562469
562831
562973
563111
563297
563567
563732
563766
564017
564348
564461
564687
564832
564876
564945
565074
565078
565237
565256
565304
565450
565492
565718
565774
565781
565838
566099
566118
566141
566411
566497
566514
566602
566633
566750
566888
566922
566989
567057
567131
567181
567241
567289
567498
567820
567940
567956
567978
568126
568254
568269
568406
568467
568484
568566
568614
568807
568849
568984
569032
569038
569147
569344
569382
569550
569642
569662
569768
569893
569960
570189
570410
570493
570587
570876
571079
571123
571410
571422
571591
571633
571679
571773
571808
572143
572522
58032
58147
613239
64617
65088
65223
654782
678575
735302
735303
751659
751721
751748
751784
767745
768183
780835
790901
791105
792119
792371
792410
792519
792590
792634
792708
792884
793315
793334
793347
793455
793646
793668
793710
793750
793756
794215
794255
794278
794359
794365
794401
794440
794512
794519
794575
794579
794647
794649
794658
794698
794715
794923
794924
794997
795068
795139
795246
795311
795317
795424
795486
795653
795656
795753
796284
796288
796298
797157
797212
797538
798001
798102
798375
798385
798390
798498
798522
798613
798689
798737
798791
799082
799124
799156
799227
799612
799661
799741
81886
83412
