NCBI Gene ID
100001532
100002225
100003223
100003514
100003770
100005075
100006041
100006675
100144561
100148055
100148183
100148581
100148818
100148976
100149080
100149100
100149324
100149388
100150304
100150844
100321746
100322075
100329779
100330875
100331745
100331961
100332055
100333455
100333702
100333967
100536902
100537117
100537538
101884360
101884385
101885585
101885790
103909337
114550
170581
192322
30554
30716
317747
321070
321442
321808
322485
322509
322909
326825
327301
327379
333938
334571
334597
336121
336333
337226
352922
360144
368217
393783
393953
393998
394005
399480
402802
403063
403065
403114
403310
403311
405791
405866
406370
406411
406493
406659
406660
406728
406739
407700
407980
436622
436718
436744
436966
445076
445393
445508
449707
450006
492486
492576
492789
493613
497384
503589
541398
550420
550561
554168
555454
555521
555911
555939
556502
556591
557026
557109
557191
557259
557353
557902
557983
558685
559087
559964
560100
560151
560410
560653
560719
560807
561406
561431
561635
561701
562455
562585
562619
563147
563181
563724
563892
563953
564064
565268
565386
566118
566313
566430
566845
567131
567611
567953
567978
568554
568614
568726
569376
569499
569510
569550
570108
570218
570244
570652
570683
571031
571591
571738
571753
571825
571837
58032
641423
751630
793708
794575
794666
796753
798498
798583
798632
798864
