NCBI Gene ID
100000341
100000836
100037361
100073334
100093703
100142645
100536515
101886382
103910031
114420
192297
192299
192300
192301
195819
322571
323305
323365
325618
326961
327089
335539
335629
336283
336550
336568
336641
336662
336687
336702
336710
336712
336713
336719
336726
336727
336764
336812
337007
337010
337090
337148
337240
337810
378961
393686
393710
393715
393723
393725
393738
393788
393818
394027
394035
394036
394097
394121
394122
394166
394194
405888
405889
406266
406307
406387
406485
406489
406565
406686
407690
415142
415159
415168
415169
415196
415229
436674
436758
436759
436760
436829
445028
445038
445040
445041
445053
445150
447945
449547
450009
493604
541327
541330
550391
550536
550564
552972
553284
553555
553580
553709
553771
553799
554098
554155
556272
556556
557397
558080
558312
560828
562703
565937
569841
571648
572109
572170
58101
619204
641289
677743
677758
735250
751639
751640
751681
751694
751723
751730
751746
767758
767765
767785
768187
768305
791211
793878
