NCBI Gene ID
100000684
100003745
100037312
100141367
100150090
100330155
100330698
100331179
100331840
100332380
101884228
140811
259250
259251
323020
323613
327075
335485
393549
393912
394114
402799
406385
445168
445250
449649
450068
450083
492359
493602
541416
548343
550266
550460
553508
553569
553646
553944
553981
555206
555411
556193
556439
556700
557286
557680
557756
557817
558496
558684
559072
559124
559240
559850
563806
564867
565295
566563
567548
567592
568169
568381
569053
569930
724080
780844
791197
793046
793294
793584
793635
793735
794598
797914
