NCBI Gene ID
100000026
100003675
100005587
100006238
100149838
100333321
100536795
100537991
103908621
114426
140744
266799
30095
321892
322614
323653
327288
327506
334197
335974
368239
373132
387290
393462
393799
394009
394133
399481
402994
404036
404730
405800
405806
406330
406688
431716
436664
436827
447920
492710
494055
555401
556522
557059
557186
558050
560682
562774
562854
563281
563654
563955
564675
564694
565700
565785
567881
569184
570368
572518
60658
619259
791730
792097
794752
796865
799492
80872
