NCBI Gene ID
100000242
100009663
100149273
100170793
100317924
100330105
100332642
100535532
100536317
100537262
101885420
114401
114833
114834
30080
30296
30380
30428
30488
30502
30590
322425
323563
324109
324152
325084
326974
327143
335916
336116
336159
337168
337810
393202
393228
393268
393376
393620
393846
393902
402792
403036
406452
406466
406514
415099
415254
431725
436984
445289
449549
449660
450024
492357
492676
494085
494180
494532
494576
550134
550286
550328
550513
553656
553776
554092
554650
555713
556379
556410
557574
558848
559099
559106
559355
559564
561219
561933
562289
562720
564996
565434
567448
568155
569698
641289
65236
692289
751649
777766
791223
793200
797150
797988
