NCBI Gene ID
100002201
100004116
100005449
100005728
100006041
100007184
100007653
100148867
100149664
100151181
100170835
100329171
100329520
100329779
100330961
100331014
100331105
100331938
100332237
100332300
100332721
100332902
100334210
100535338
101882992
101887111
116992
140619
192302
246093
266599
266983
30072
30101
30113
30145
30146
30161
30164
30173
30174
30180
30183
30185
30255
30275
30457
30493
30584
30612
30615
30628
30631
30632
30639
30641
30642
30686
30739
30742
321364
321695
321756
321842
321932
323346
323883
324109
326282
326283
338101
359834
360144
369194
369195
393141
393246
393716
393749
393885
394026
399480
402837
402908
404629
405778
405785
405790
406349
406411
406582
406659
406685
406741
406813
406816
414272
414273
431736
436718
445318
445564
447846
449548
449846
493624
494476
494477
494478
503761
550399
550585
553359
553816
555655
556634
557567
559111
559222
559273
559723
560317
560446
560578
560722
561901
561963
562072
562242
562822
563090
563633
563884
564395
565612
566470
566538
566841
567111
58092
58145
64698
664761
751630
791822
792928
794669
794689
795522
796607
797559
799352
83496
