NCBI Gene ID
100000500
100001408
100001532
100003514
100003877
100005471
100006041
100006275
100006675
100006754
100006858
100007463
100007702
100049175
100148840
100149080
100149082
100149273
100151181
100330136
100330212
100332639
100332722
100333254
100333967
100535532
100537538
100538205
103909653
117510
118437
192307
245946
245949
30105
30119
30122
30123
30127
30128
30144
30171
30197
30206
30221
30222
30265
30283
30308
30363
30364
30366
30369
30370
30412
30428
30476
30488
30502
30510
30523
30544
30556
30590
30654
30686
30701
30719
30750
30754
317679
317747
321070
323630
323883
324004
326283
326875
327204
333999
334373
335916
359837
368249
368250
368485
386762
393141
393533
393581
393716
393953
393998
402843
403076
405823
405892
406411
406659
406816
406825
407700
415151
415254
431736
436625
436718
436815
437027
445076
445208
447800
447814
449846
449996
497384
497649
548605
550436
550554
553231
553608
553788
553976
556087
556148
556379
556400
556813
557384
557447
557451
557882
557926
558069
558502
558825
559111
559273
560032
560060
560294
560317
560713
561183
561682
561772
561831
562064
562720
562838
563147
563427
563460
564019
564064
564241
564337
565013
565038
565241
565612
565677
565714
565771
565921
566040
566054
566841
566869
566878
567111
567746
568110
568191
568214
568282
568315
568518
569376
569420
569698
569863
570116
570510
570926
571865
572332
57931
58023
58072
58073
58080
58092
58117
60632
65229
65230
65236
678649
751108
751630
751644
777736
791454
791563
791595
791855
791993
792404
792699
792714
793359
794221
794574
794669
795167
798222
798465
798564
799377
799608
80955
80972
83496
