NCBI Gene ID
100002993
100006320
100006793
100124622
100150054
100333777
100379286
100384891
100384893
100384895
100384896
100384897
100384898
100384899
100384901
100384902
100384903
100415791
100415792
100415794
100415797
100415798
100415799
100415800
116517
282559
322378
322482
324366
337696
373866
393293
393427
393493
393556
394043
402841
402939
406433
406703
406731
406736
431762
436642
436833
436894
449558
449784
492500
553169
553952
556049
557008
558508
563972
564619
567275
568744
570913
571365
641479
641488
678541
678597
723997
751669
767705
767756
791210
791613
792137
792506
79381
795050
795261
797211
