NCBI Gene ID
100001221
100002756
100002928
100006041
100009637
100136836
100141493
100149130
100150664
100151181
100329779
100334859
100535532
100537012
100537244
101882925
101883510
102216267
102725533
114424
140819
245699
245700
245701
245702
30081
30265
30273
30428
30429
30488
30502
30510
30523
30556
30592
30701
30705
30739
30741
317747
321070
321107
321695
321836
322221
324004
325084
326283
326719
327204
335158
335573
336839
337084
360144
373872
378478
378845
378998
386966
393527
393808
394034
394056
399480
403050
405869
405892
406202
406411
406493
406659
406714
407620
415151
415242
415254
436586
436718
437027
445471
447930
450006
494038
497649
541489
541491
550569
552980
553341
553542
553788
555437
556026
556226
556379
556726
557665
558077
558359
559111
559273
559679
560317
560400
560446
560512
560578
560816
560933
562363
562750
562838
563460
563632
563633
564805
565199
565459
565612
566841
567111
567490
567500
567602
567905
569566
571256
571431
572157
574422
57934
57935
58092
677750
678518
751630
791177
792194
792699
792928
793158
793240
794669
794920
795167
799867
