NCBI Gene ID
100001785
100001836
100002113
100003139
100004566
100004793
100005026
100005358
100007982
100038779
100137128
100151255
100286774
100318854
100332237
100332402
100332691
100333043
100535241
100535958
100536533
100537272
100537591
100538038
100538220
101882585
103911540
108179059
114464
192298
192335
192336
195824
252849
252850
266796
286779
30248
30443
30491
30762
30763
30783
321046
321315
321453
321724
321853
322811
324307
324985
325317
325402
327204
327277
327377
334175
335025
335110
335798
336681
337223
337572
337583
337690
337737
359839
359840
368614
368615
368771
368816
368877
368878
368907
373080
378966
386701
386787
386807
387260
393154
393377
393386
393398
393551
393557
393664
393902
393935
393945
394110
403014
403125
403131
403132
403133
405821
406303
406342
406486
406757
406811
415141
415163
431725
431777
436636
436641
436772
436799
445164
449549
449655
450017
492459
492695
494039
494477
494478
494576
548346
550458
553691
553767
554127
554130
554157
556103
556734
556826
557797
558552
558942
559502
561117
561469
561525
561612
561901
562473
562669
562838
563328
563390
563429
563556
564266
565074
566325
566971
567046
567623
569124
569326
570216
571282
571317
571584
573122
573216
573266
57934
57935
60658
641421
641561
641565
64691
64885
654336
767703
767729
767746
767806
791453
791986
792024
792699
795591
795595
795671
798868
