NCBI Gene ID
100007463
100037355
100144568
100148329
100149066
100149082
100329328
100330031
100331274
100534909
101885597
101886283
101886356
140421
140422
140423
140613
192302
30120
30131
30138
30141
30158
30206
30221
30288
30300
30718
321852
322667
323630
324142
334026
335134
353224
353225
359836
386772
386808
393500
402810
402914
414848
493633
494449
497616
503870
503940
548605
553421
555517
557340
559273
559336
560032
560657
561503
563306
563920
563942
564019
565013
565612
565841
566455
566841
567111
567335
568626
569863
570481
571706
58008
58026
58065
58066
58146
65229
65230
678649
692064
793927
794892
80972
