NCBI Gene ID
100000859
100003383
100004228
100006589
100009650
100034578
100037349
100093708
100170781
100329471
100332270
100332846
100537809
110440136
30068
30553
324778
334561
334644
335799
336430
386801
386951
393105
393174
393197
393455
393539
393618
393622
393839
394131
394140
394190
402827
402994
404036
405800
406358
406421
406623
406803
406829
431754
436603
436833
436840
436918
445175
447855
447860
447868
449545
449662
449821
449925
450048
450052
492477
494096
494099
541344
541405
550370
550422
550521
553204
553653
554105
555308
556228
556815
557009
558601
559656
559933
560486
562075
562105
563178
563199
563203
563654
565385
565760
566065
566367
566378
566742
566863
567157
571388
572335
573990
619259
678541
767748
791455
792998
79378
793906
794545
