NCBI Gene ID
100004014
100004503
100005536
100005893
100149852
100317326
100319138
100334083
100529857
103909923
114445
192325
192339
30172
30516
30572
30622
30707
321739
321744
322969
323865
324342
324743
325064
327020
327214
327373
327495
333980
334749
335236
335750
336334
337461
368417
368640
368893
373077
378454
393125
393566
393635
393693
393917
393929
393973
394053
394062
403025
405828
406343
406398
406438
406491
406510
406751
406783
406852
406860
407641
407710
407733
432373
436607
436644
436892
436950
445027
445035
445231
445302
445382
445408
445490
445499
503767
541444
553205
553305
553494
555520
556400
558020
558395
558662
558883
559225
560127
561138
562350
562607
563392
563448
566608
568298
568424
569006
569455
570700
570945
571089
571621
572542
664756
751719
751738
767677
777756
798071
