NCBI Gene ID
100000026
100000750
100005587
100006238
100536795
114551
116517
192309
246094
246095
282559
282672
30496
30497
317743
321224
321664
322482
323107
323653
324201
327165
334116
334197
335231
335817
336425
368239
369193
378727
378963
393427
393462
393668
394000
394075
399479
399481
402841
402874
402939
405822
406339
406367
406428
406473
406496
406696
406702
406791
436646
436672
436747
436903
436914
445094
445118
445326
445505
447836
447920
492710
541435
550259
557008
557919
558487
560020
560753
560944
561416
561891
563180
566398
568001
570106
572733
751668
790919
792692
799805
