NCBI Gene ID
100000242
100000252
100000325
100000896
100001198
100001785
100002225
100002263
100005732
100007048
100009663
100034627
100124616
100149273
100149388
100149794
100149925
100150844
100151344
100170793
100317924
100329702
100329897
100330105
100330617
100332174
100332293
100332642
100333016
100333801
100534937
100536317
100537591
101883461
101884161
101884909
101910198
110438871
114401
245701
245702
30262
30380
30443
30716
321453
321564
321622
321807
321853
322425
323929
324254
324985
325358
326974
327007
334571
334911
336116
336632
336746
336789
337167
360144
368415
368883
373114
378866
378972
393202
393228
393268
393285
393362
393376
393405
393584
393702
393838
393846
393885
393902
393998
394044
394174
399480
402792
402895
403000
403036
403146
404211
406349
406452
406466
406582
406645
406728
406843
407686
407723
415193
431725
436641
436886
437002
445076
445289
448859
449549
449660
449923
492776
492808
494180
494576
548346
550286
550513
550537
550552
550585
553460
553656
553788
554140
554561
555521
555536
556756
557109
557176
558314
558696
558848
559106
559281
559564
560455
560549
561737
562194
562242
562596
562720
563140
563147
563181
563328
563390
564064
564088
564921
566010
566559
566735
566914
567021
567046
567524
567611
567623
567680
568155
568453
569298
569326
569441
569698
570568
570772
570965
571294
571352
571581
571897
572001
572060
572074
573492
58100
641330
65225
65236
692289
767660
767781
768177
768202
791223
792229
792689
793200
794088
794462
795095
795933
797150
797949
