NCBI Gene ID
100000532
100003787
100004610
100037361
100332622
100535532
101885168
266990
30428
30488
30502
30572
317637
321058
321114
321745
321897
321940
323426
323464
323865
325106
334050
334362
334446
368478
386850
393107
393237
393282
393291
393617
393717
393950
394008
394096
394196
406268
406275
406571
406805
407084
415208
415238
415254
436798
436813
436992
442932
445388
445391
492761
494152
541352
541421
541444
550241
550264
553241
553498
553787
555704
556379
557254
558395
561138
564551
567505
568741
613144
678588
751719
751738
767797
793727
799016
