NCBI Gene ID
100000160
100001531
100002190
100003206
100003902
100004330
100004625
100004931
100004988
100005008
100005033
100005081
100005341
100005449
100005753
100005765
100006041
100009637
100009646
100038776
100073336
100124652
100126123
100136849
100141338
100144554
100147988
100148085
100148154
100148736
100149572
100149843
100151129
100151196
100151491
100170824
100170829
100307098
100329879
100329948
100329953
100330031
100330077
100330183
100331274
100332526
100333040
100333057
100333543
100334106
100334572
100334729
100535101
100537448
101882925
101882992
101884856
103909792
103911953
114428
114447
114456
117507
140747
245701
245702
30637
30639
30671
30739
321051
321378
321460
321695
321938
322991
323203
323579
323695
324332
325084
325586
326283
327026
327029
327068
334108
334175
334219
334632
334911
335083
335474
335810
336063
336368
336426
336504
336839
337386
337401
337737
352940
368278
368323
368364
368822
373871
378478
378724
378838
386807
386856
386967
386994
387529
393142
393150
393152
393164
393351
393377
393456
393535
393550
393557
393562
393586
393754
393804
393880
393881
393902
393945
394001
394034
394091
394094
394098
394099
394243
399477
399482
402861
402885
402889
403031
403050
404040
405810
405821
405840
406250
406318
406411
406414
406525
406621
406659
406669
406671
406684
406704
406766
406797
406798
406820
406837
407684
415179
415190
415204
415240
415255
431725
436688
436718
436806
436828
436839
445047
445154
445196
445305
445397
447839
447840
447863
449549
449679
449831
474327
492364
492487
492497
492549
492695
492771
493612
494477
494478
494576
503600
550265
550286
550402
550406
550542
553266
553374
553629
553656
553764
554561
554861
555174
555340
555737
556104
556132
556226
556277
556641
557061
557199
557582
558153
558613
558931
559329
559334
559483
559634
559690
560210
560446
560461
560542
560578
560581
560761
560806
561288
561653
561659
561697
561771
561879
562719
562935
562949
563459
563511
563561
563633
563976
564152
564814
565109
565383
565434
565563
565743
565752
565859
566086
566120
566350
566797
566849
567055
567182
567190
567272
567452
568064
568170
568737
568800
568935
569096
569240
569358
569403
569532
569546
570669
570918
570939
571431
571453
571626
571767
571897
572485
572492
573376
573437
573631
58092
58129
619253
641490
641572
64885
664764
751630
767667
767670
767703
777731
777738
791153
791212
791453
792229
792828
792915
792928
793158
793623
793882
793920
794400
794689
794862
795505
796345
796454
796604
796724
797181
797187
797355
797422
798846
798876
798901
799274
799278
80959
