NCBI Gene ID
100001629
100001914
100007426
100150267
100150672
100150849
100321295
100334345
100535921
100536129
101882803
101884364
171465
192302
30428
30467
321505
321726
321832
322129
322397
324015
327035
327196
327291
334470
335444
337565
337685
368248
368890
368900
393716
393749
393934
394085
394177
394249
402921
403008
403066
406372
406394
406813
406815
497613
550401
550463
550551
553758
555238
555450
557358
558094
558456
558560
558885
559273
559561
559572
560078
560495
561863
561871
562327
564004
564853
565206
565612
566841
567111
567497
568473
569620
569700
571851
573110
652952
664754
692252
692292
692296
751689
768133
791894
792710
794171
798356
799361
799441
