NCBI Gene ID
100000242
100000252
100000750
100001198
100001936
100002225
100002263
100002318
100006858
100134973
100142648
100148413
100149273
100149794
100150246
100151181
100151416
100151464
100170795
100190951
100329897
100331892
100333252
100534937
100885851
101910198
114433
117508
117509
245699
245700
245701
245702
266756
266794
280649
30068
30222
30262
30274
30296
30380
30637
30658
30663
30681
30716
30739
30767
321974
324140
326283
326974
334202
335232
335799
336116
359834
360144
368316
368329
368390
368415
369194
369195
378478
378727
378972
393228
393285
393287
393548
393707
393891
394088
394174
399480
402792
402857
402862
402991
403000
403036
403037
403045
403063
403064
403065
403146
404211
405850
405892
406304
406308
406440
406473
406507
406715
406728
415185
431763
436729
436769
436866
436905
445118
445289
447870
493609
494532
497646
550286
550537
553319
553656
553661
553758
553957
555576
556286
557109
557176
557810
559050
559111
559273
559281
559723
560317
560446
560549
560578
561541
561670
561737
562552
562720
563180
563181
563460
563560
563708
563719
563884
564523
565038
565109
565576
565612
566735
566841
567111
567969
568155
568316
569698
570761
570956
570965
571323
571431
572001
572074
58025
58092
64617
65236
65237
678619
735295
767751
768121
768159
768202
790919
792928
793200
794088
794462
794669
797132
799608
