NCBI Gene ID
100001644
100002680
100002802
100003223
100005893
100005981
100334020
100537556
103909923
192325
192339
266989
30203
321035
321614
323865
324238
324267
324554
325052
325284
327020
327069
327263
327301
327495
327625
334597
368893
373878
373881
386630
386806
393100
393566
393593
393693
393701
393856
393885
393917
393929
394053
394058
394084
394092
394111
403025
404041
405803
405816
406326
406543
406582
406610
406685
406751
406783
407733
407980
432372
436657
445408
445485
449009
449548
450021
492341
503755
503767
541389
550585
553261
557208
558752
558760
558810
559392
560127
561459
561900
562282
562460
562801
563172
563448
565575
565621
565849
566032
566608
569006
569810
570858
571753
606498
751719
751738
796580
