NCBI Gene ID
100001836
100005469
100006255
100006427
100009626
100049705
100141346
100149028
100151255
100170785
100216326
100318854
100322009
100330801
100331333
100331874
100332237
100499533
100535241
100535278
100536533
100537277
101884074
101884430
101884488
101885031
101885690
252849
252850
260303
286829
286830
286831
286832
30037
30234
321212
321243
322012
323561
325675
335269
336471
337158
337767
369191
386787
394012
394038
403026
406548
407685
436636
445380
503730
503893
541320
541475
553337
553354
553355
553699
554268
554269
554270
555254
555681
556605
556734
556752
556874
557221
558958
561901
562345
562496
563273
563428
563429
563556
564005
564266
565373
565429
566325
566673
566796
567110
567175
567640
567771
567928
568033
568593
569755
569971
570216
570643
570651
570868
571317
572057
572348
797491
798998
