NCBI Gene ID
100000160
100000342
100000665
100002155
100002225
100002318
100003220
100003278
100003329
100003450
100003481
100003514
100004261
100004576
100004617
100005049
100005183
100005446
100005496
100005852
100006460
100006516
100006675
100007677
100007679
100009657
100034402
100034540
100034580
100034609
100048921
100126123
100148581
100148645
100148818
100149258
100149273
100149794
100150428
100150664
100151551
100317924
100318355
100331116
100331351
100331581
100331895
100332852
100333948
100333967
100334116
100334486
100526652
100534866
100534937
100535003
100535101
100535196
100535718
100536317
100537717
101101687
101882107
101882457
101883396
101883508
101883614
101885082
101885162
101886393
101886628
101910198
103909601
103910147
114407
114408
114433
114436
117506
140621
170581
245699
245700
245701
245702
266749
266756
30093
30121
30218
30223
30256
30262
30270
30380
30431
30467
30512
30538
30546
30549
30554
30560
30575
30590
30671
30672
30681
30682
30686
30689
30703
30704
30705
30710
30716
30739
30747
321107
321378
322013
324125
324215
325034
325488
326708
327204
327246
327321
334167
335916
336839
337670
338219
352940
353314
359829
359830
359831
359834
360144
368243
368245
369194
369195
373103
373121
378478
378480
378972
386635
386825
386856
386966
393132
393141
393228
393287
393548
393569
393586
393614
393733
393854
393953
393998
394099
394146
394198
399480
402991
403045
403049
403052
403063
403065
403084
403145
403146
403310
403311
404231
404626
405768
405770
405785
405791
405817
405892
406304
406308
406340
406471
406507
406514
406523
406604
406714
406728
407737
415099
415100
415151
415185
415242
431720
431763
436608
436925
437027
445057
445076
445234
445289
447814
449660
492789
493181
493609
493781
494151
494163
494454
494455
494456
497384
497407
497629
497639
497646
503589
541323
541376
541530
541536
544664
544667
550286
550428
550513
550548
550554
553179
553181
553266
553520
553597
553656
553788
554230
554561
555650
555703
555941
555974
556172
556226
556286
556410
556443
557063
557109
557468
557526
557648
557693
557810
557926
558154
558281
558321
558453
558859
559015
559087
559247
559524
559529
559630
559723
559964
560210
560211
560446
560549
560564
560578
560639
560875
560913
560932
561006
561262
561434
561518
561669
561670
561772
561924
561959
562059
562422
562529
562552
562720
562796
562838
562935
563023
563147
563181
563441
563460
563560
563727
563884
563904
564064
564274
564295
564337
564338
564403
564518
564770
564822
564873
564875
564883
565158
565173
565241
565386
565756
566351
566604
566708
566735
566869
567438
567702
567833
567895
567905
568225
568315
568344
568405
568412
568718
568759
568885
568951
569226
569243
569528
569566
569698
569836
569855
570238
570240
570288
570435
570683
571193
571285
571431
572204
573376
57925
58118
58129
58130
58133
64256
64274
65089
65090
65236
65237
65239
678512
678560
678610
678630
692065
692287
724048
735295
751792
767790
768248
777728
790934
792699
792928
793158
793708
79379
793952
794222
794574
795167
795414
795492
795602
795766
796490
796537
797409
797554
797658
798408
798657
798771
798846
798864
799204
799279
