NCBI Gene ID
100000479
100000526
100000769
100001092
100001914
100002072
100004321
100005358
100005446
100005496
100006207
100007048
100037384
100126019
100126123
100148383
100149273
100149925
100332314
100334730
100535101
100537478
100537822
101882461
140614
170784
192298
266638
266757
266796
266797
30248
30393
30573
30591
30671
321315
321564
321807
321832
322073
322160
322544
322863
323883
323918
323922
324005
324015
324164
324243
324855
324944
325317
325561
326701
326710
327133
327197
327244
327268
327447
334133
334337
334633
334658
335226
335444
335538
335985
337190
337730
338155
360149
368331
368488
373100
378848
378851
386590
386709
386768
393239
393321
393371
393417
393536
393586
393716
393742
393877
393934
393975
394028
394079
394085
394164
402801
405841
406289
406310
406314
406408
406442
406514
406549
406673
406753
406757
406768
406774
406794
406814
406816
436724
436772
436861
436911
445091
445123
445177
445284
449846
492805
497542
541374
541528
550328
550411
550464
550581
553288
553324
553353
553407
553448
553455
553582
553627
554093
554116
554177
554960
554998
555703
556237
556410
556580
557526
557824
557858
557960
558071
558108
559564
559775
559776
559811
560210
560913
561686
561924
562019
562136
562592
562720
562839
562935
562939
563053
563660
563679
564295
565106
565155
565338
565499
565825
566078
566527
566876
567021
567029
567913
568308
568615
569698
570101
570772
571681
571870
573376
574002
58081
58154
65236
735249
767645
767700
777612
791986
797907
798071
798846
83414
