NCBI Gene ID
100002993
100006320
100006793
100150054
100333777
100379286
100384891
100384893
100384895
100384896
100384897
100384898
100384899
100384901
100384902
100384903
100415791
100415792
100415794
100415797
100415798
100415799
100415800
110437932
30390
322378
322626
324340
327417
334098
368367
373131
393293
393335
394148
399692
402795
402842
406731
436969
449537
492759
550388
550398
553532
553952
553969
556049
558473
558508
558541
559097
560717
561372
563363
565370
570455
570913
60640
641479
641488
64815
678597
751669
767705
767715
767756
768185
777792
777793
791124
791210
791578
791613
791770
792506
793249
795050
795261
796487
797211
80374
