NCBI Gene ID
100000026
100000559
100002993
100003595
100004977
100006320
100007686
100007749
100008541
100034522
100037331
100073330
100141353
100144628
100150965
100192219
100330410
100334830
100379286
100384891
100384893
100384895
100384896
100384897
100384898
100384899
100384901
100384902
100384903
100415791
100415792
100415794
100415797
100415798
100415799
100415800
100536795
100538266
103911725
116991
192305
260441
266992
30083
30084
30085
30086
30617
321294
321793
322089
322378
322506
323329
323653
326857
327496
327512
333974
334082
334195
334420
334431
334494
335716
336257
337412
338290
368229
368239
368242
393143
393462
393469
393528
393580
393753
393864
393982
394021
394129
394142
394170
394181
399479
402868
403070
404731
405814
406383
406404
406590
406624
406731
406746
406789
406799
407663
407989
415208
431743
436597
436893
436949
445071
445083
445097
445245
445287
445326
445486
445492
447802
447838
447919
447920
450050
450054
450084
492518
492710
494065
494176
504040
541347
541539
548336
550242
550322
550338
550372
550502
553228
553384
553671
553712
553717
553952
554136
555470
555748
556049
557077
557240
557552
557708
558508
559504
560915
561030
561272
561542
562037
562714
562771
563836
563950
564649
564697
565059
567587
570478
570866
570913
571441
571967
572070
574009
58120
58215
613246
641479
641488
64263
64607
64608
664750
664765
678597
678634
751669
751691
751732
751733
751745
767705
767756
791210
791612
791613
791775
792506
793471
795050
795261
795445
797211
798974
799638
799805
81882
84039
