NCBI Gene ID
100000160
100000544
100000981
100001113
100001530
100001532
100001636
100002038
100002125
100002285
100002448
100002627
100003342
100003514
100003535
100003539
100003770
100004739
100004938
100005049
100005590
100005675
100005700
100005852
100006675
100007677
100034402
100037315
100038774
100038775
100038781
100124597
100126126
100134855
100137117
100144566
100148976
100149080
100149100
100149161
100149258
100149388
100149482
100149598
100150090
100150246
100150664
100321746
100330960
100331465
100331840
100332130
100332913
100333101
100333254
100333270
100333455
100333648
100333702
100333967
100334116
100334819
100334881
100334883
100334963
100535026
100535718
100535958
100536080
100536162
100536970
100537296
100537531
100537538
101882451
101882850
101883614
101883995
101884360
101885082
101885162
101886891
102216340
103909601
108179223
110438919
114410
114447
114550
140747
170581
192321
192322
245950
259258
259260
260440
30121
30270
30442
30512
30538
30546
30549
30560
30682
30705
321808
322126
322720
327067
327379
334582
335654
336121
337489
352938
352940
353247
359829
359830
359831
368199
368217
368245
368475
368717
373867
373879
378478
378480
378746
386635
386856
386966
387296
387297
387298
387299
387300
387301
393186
393733
393802
393937
393940
393953
393998
394123
394199
402892
402920
403045
403049
403310
403311
404036
404231
405791
405866
406529
406660
406689
407700
407724
407737
415175
436745
436815
445076
445208
445226
445232
445297
447814
447887
449707
449864
492467
492486
492576
493181
493613
493781
494454
494455
494456
494489
497384
497639
544664
544667
550270
550436
550554
553296
553489
553675
553978
554046
554230
555443
555482
555516
555548
555576
555612
555939
555941
555945
556160
556199
556360
556431
557026
557194
557258
557259
557353
557430
557499
557902
557926
558154
558248
558477
558525
558685
558878
559089
559201
559236
559315
559529
559630
559806
559964
559976
560081
560100
560151
560410
560561
560564
560719
560808
560875
561190
561350
561491
561635
561682
561701
561747
561772
562059
562064
562111
562289
562569
562585
562625
562640
562796
562919
563019
563111
563147
563297
563567
563654
563724
563901
563904
563953
564017
564064
564274
564337
564465
564770
564832
564945
565241
565304
565379
565669
565838
566118
566141
566351
566370
566411
566671
566845
566869
567212
567289
567498
567534
567611
567702
567905
568126
568265
568269
568288
568315
568406
568463
568512
568614
568668
568671
568726
569038
569040
569344
569376
569382
569480
569499
569510
569528
569566
569706
569836
570108
570240
570245
570435
570493
570683
571431
571591
571679
571808
571825
571865
572143
572183
58082
58129
58133
58147
60658
641328
65089
65090
678512
692065
724048
735302
735303
751784
751792
767745
767757
767790
768182
777614
791176
791855
792519
792634
792708
793359
793708
79379
794026
794215
794278
794365
794574
794575
794658
794666
795916
796298
796490
796537
797199
797212
798222
798498
798565
798577
798657
799082
799156
799227
