NCBI Gene ID
100006589
100144628
100148522
100331665
101886255
114551
116517
140620
192309
246094
246095
282672
30068
30643
317737
317743
317746
321224
321621
321664
321928
322339
322482
322670
323107
324201
324556
327165
327512
334116
334897
335231
335715
335817
335974
336425
368262
368912
369193
373092
378713
378963
386951
393427
393455
393668
393884
393926
393938
394021
399479
399662
402827
402841
402874
402939
403070
403086
405861
406299
406330
406339
406405
406421
406428
406496
406688
406696
406702
406762
406791
407673
415247
436603
436647
436672
436762
436850
436852
436914
437019
445094
445129
445233
445288
445290
445494
445500
445505
447836
449662
450000
492719
541329
541435
550259
550494
550579
553283
553804
555623
557518
557919
558487
559207
560020
560753
560827
560944
561416
562149
563642
564552
566398
568001
568448
569348
569581
570106
570579
570678
572733
58068
606663
751668
768196
791730
792692
792824
79378
793926
797715
798364
799963
