NCBI Gene ID
100000275
100000352
100001532
100002263
100002310
100005033
100006223
100037338
100148744
100149080
100149843
100151036
100317089
100330514
100333801
100334231
100334605
100535634
100537538
101884388
192309
30644
322720
323929
325179
327346
337236
337489
337690
368415
368433
368717
373124
373867
393365
393584
393838
394075
394174
404620
406290
406598
406667
407700
436647
437018
447840
449831
492549
541511
541517
548346
553595
553629
553750
555443
555899
555920
556956
558940
559103
559198
560006
560360
560753
560881
560919
561737
561747
561891
562569
562919
563019
563201
563543
564261
564750
565669
566188
566479
567938
568288
569040
569376
569568
570007
571356
571850
606579
664741
678558
777716
790916
791142
792527
794088
798876
