NCBI Gene ID
100001552
100002015
100002812
100004136
100137124
100148581
100148818
100148835
100149324
100150463
100170938
100331649
100332911
100334794
100534896
100536469
101884921
101886068
114549
30554
321965
322605
325181
327566
334017
335008
335485
336430
393127
393393
393421
393509
393722
393931
394161
402802
404620
405867
406265
406370
406554
406615
406734
406739
431758
436622
436896
436958
449663
450016
492483
492789
503936
541449
550279
550327
550404
553380
553433
553683
553770
555330
555566
555725
555969
556641
557324
557632
557680
558422
558437
558499
559087
559124
559442
560225
560638
560649
560986
561832
563589
563806
564739
565122
565386
565743
565971
567414
567728
569053
570695
570720
571738
571938
572335
572492
572841
641423
641489
678522
692278
724010
751628
767688
767699
767778
777624
793137
794598
798864
799099
799278
