NCBI Gene ID
100001136
100002327
100002407
100002610
100004456
100004469
100005261
100005301
100005566
100006534
100007758
100038779
100136836
100141346
100141490
100141493
100147871
100147925
100147967
100150193
100150661
100151255
100151328
100151365
100270764
100322456
100330246
100330629
100331252
100331333
100332721
100332904
100333180
100333734
100333863
100334261
100334365
100526672
100535350
100537676
101882585
101882841
101883960
101884448
101886267
101886406
103908881
103911540
110438642
114417
114424
114441
114442
116993
140819
140820
266983
282667
30194
30291
30447
30634
30726
30762
30763
30783
323266
323696
324096
337077
353150
368614
368615
368619
368816
368877
368878
393377
393557
394012
405757
406559
436612
436719
436897
445070
445278
445374
445471
450023
474346
494075
503893
541320
541474
541491
550431
550468
550497
553785
555163
555254
556158
556537
556718
556734
556747
556752
557209
557665
557797
557935
558123
558326
558743
559154
559157
559501
559590
559896
560014
560816
560933
561122
561971
562183
562525
562702
562934
563016
563345
563598
564462
565021
565531
565617
566220
566572
567415
567602
567620
568593
568833
569075
569084
569217
569386
569931
570216
570830
570842
571282
573644
60635
64691
64885
654336
677754
678556
678612
692273
767703
767777
791140
791164
791453
792865
793143
793240
793819
794165
795595
796314
796481
797491
797651
799376
799432
799440
799867
799982
81580
81581
81582
81583
81584
81585
81586
81587
81589
81590
81591
81592
81593
