NCBI Gene ID
100000252
100001532
100002015
100002263
100003514
100005033
100006675
100137124
100148744
100148835
100149080
100149388
100150463
100151036
100321746
100330514
100331649
100333801
100333967
100535634
100536469
100537538
101884388
192322
30644
321808
322041
322720
323929
325179
327346
327379
336121
337236
337489
337690
368217
368415
368433
368717
373124
373867
393365
393584
393838
393953
394161
394174
404211
404620
406290
406660
406667
407700
436662
437018
447840
449831
449862
492549
497384
541511
541517
548346
553253
553380
553595
553629
553750
555443
555899
555920
556136
556748
556956
557176
557324
558940
559103
559198
559938
560006
560151
560360
560881
561737
561747
562569
562585
562919
563019
563201
563543
564478
564739
564750
565122
565669
566642
567611
567728
567938
568288
569040
569376
570007
571356
606579
641570
664741
678558
724010
777716
790916
791142
792527
794088
794666
798876
