NCBI Gene ID
100000775
100001620
100006589
100144628
100148522
100149838
100331665
101886255
101886429
103908621
103909643
114551
140620
192309
266987
317743
321664
321928
322055
322339
322614
322670
323107
323329
324556
327165
327512
334116
334195
334897
335817
335974
336425
336473
337412
369193
378713
378847
378962
378963
386951
393423
393668
393799
393926
393970
394021
394138
402874
403086
406330
406496
406688
406696
407673
415247
431723
436949
445094
445818
447836
447864
541347
550259
550524
550579
553283
555623
557186
557518
557716
558487
560682
560753
560827
560944
561416
563642
566165
568001
568448
570106
570368
572733
58068
606663
678634
791612
791730
792692
794667
799963
