NCBI Gene ID
100001136
100001198
100001644
100002327
100002802
100004456
100005075
100005261
100005301
100005496
100005566
100005752
100006041
100038776
100093706
100124652
100141341
100147871
100149273
100150331
100170795
100170824
100329719
100329779
100330246
100331226
100332055
100332627
100333734
100333863
100334365
100334486
100535324
100536545
100537244
101882925
101884950
101885491
101886267
103911473
110438074
110438642
114446
114456
117507
252845
286739
30222
30483
30678
317747
321070
322221
323696
325084
326719
327068
327198
327204
327263
327272
327377
333938
334086
335032
335158
335232
335474
335865
335916
336504
336839
337084
337223
337226
368266
368473
368619
368723
373080
373089
373105
378845
386966
393154
393501
393550
393664
393885
393998
394243
399482
403009
403050
403310
403311
405757
405816
405887
406250
406303
406411
406440
406493
406559
406582
406659
406685
406714
406820
407987
415107
415190
415204
415242
431777
436612
436718
436719
436897
436905
445070
445076
445164
445278
445305
445561
449548
450006
450023
474323
474349
493612
494075
497638
497648
550254
550431
550468
550487
550497
550537
550585
553319
553350
553434
554168
554861
555454
555703
555737
555805
556104
556226
556298
556594
556734
557209
557693
558359
558720
558752
558810
558920
559080
559392
559634
559784
560400
560912
560913
561184
561211
561276
561423
561431
561589
562264
562525
562720
562838
563016
563056
563122
563147
563421
564064
564081
565446
565459
566060
567620
567621
568316
568833
569084
569217
569698
570216
570761
570842
570858
571256
571897
572074
573122
573216
573644
57934
57935
58126
60635
641561
65236
677750
678556
678612
678619
724017
724019
751630
751760
777730
792024
792699
792828
793143
793158
793952
795591
795670
796314
797651
798632
80959
81580
81581
81582
81583
81584
81585
81586
81587
81589
81590
81591
81592
81593
