NCBI Gene ID
100003595
100005054
100005067
100005551
100005763
100330772
100330864
100536156
100538266
103910413
110438480
192305
30083
30084
30085
30086
30733
30740
317745
321720
321793
322089
322229
324134
324845
327057
327590
333997
334431
335716
338306
368220
368909
373884
393113
393559
393641
393697
393744
393867
393906
394170
402940
402953
402979
406259
406383
406404
406558
406590
407989
415146
415192
415208
415216
431724
436652
436692
436919
437016
445069
445151
445201
445245
445486
447810
447889
447905
447928
449835
449987
474325
492517
503707
504040
541538
548336
550332
550502
550560
553639
553671
553701
554129
556578
556849
557708
557834
557972
558466
559295
559298
559958
560486
560627
561683
562399
562627
563597
567734
569142
570478
570547
571355
58120
678545
791647
798022
799449
81540
