NCBI Gene ID
100000252
100000903
100000986
100001065
100001138
100001210
100001785
100002225
100002263
100002293
100002454
100003446
100004261
100004321
100005446
100005496
100007048
100007906
100049706
100135062
100137109
100148503
100149273
100149388
100149794
100190951
100331324
100333521
100537591
101885345
101886621
101910198
103909237
103909247
110438948
110438965
114401
140621
195815
195816
195817
246726
30196
30270
30380
30443
30546
30590
30716
321453
321564
321807
321853
323099
324818
327377
335495
335916
336746
337223
337572
337730
360144
368704
373080
373093
373107
373108
373110
373114
373118
373125
373130
378972
393154
393228
393287
393317
393398
393417
393548
393664
394174
394198
399480
402991
403000
403064
403146
404211
405785
406303
406304
406463
406471
406507
406514
406645
406728
406768
415099
415158
431763
431777
436641
436866
436904
445091
445164
445289
450022
492763
497646
541374
541530
550286
550475
552927
553353
553383
553634
553656
554157
555703
556410
556486
557109
557176
557302
557526
558045
558237
559384
559425
559564
559849
560549
560788
560883
560917
561006
561021
561737
561924
562317
562585
562720
563053
563181
563390
563560
564295
564403
564921
565106
565588
565756
565825
566604
567021
567046
567333
567460
567611
567623
569298
569326
569443
569698
570238
570425
570772
571033
573122
573216
57934
57935
58022
58081
58100
58122
58130
58131
58133
641561
65225
65236
735295
751765
767645
768202
768248
791531
792024
794666
795573
795591
795766
797799
798445
799791
