NCBI Gene ID
100000859
100002756
100004228
100004274
100005717
100006023
100009650
100034463
100101640
100136866
100331214
100332846
100333227
101884800
140615
171478
30354
30355
30464
30530
30708
30750
30754
322341
334529
334561
335159
378727
386661
393543
393622
393831
393839
394060
394148
394156
402831
403000
406283
406421
406473
407736
415166
431754
436617
436636
445125
445175
445281
447848
447860
447944
449662
449677
449925
492647
492719
494096
541410
548341
550134
550361
550432
553512
553579
553734
554095
555308
555578
557037
557714
558088
558239
559097
559656
560000
562602
563298
565876
566863
567157
568656
568707
568835
568883
58128
723999
751715
768196
768202
777766
791610
794841
795106
