NCBI Gene ID
100000252
100002225
100002263
100002318
100003514
100006675
100148581
100148818
100149794
100150090
100331840
100333254
100333967
101910198
142986
246227
266756
30380
30554
30681
30682
30716
325084
327204
327321
336839
360144
368243
373867
378972
386705
393228
393953
394174
399480
399546
403146
404211
406728
415151
415185
437027
445289
447814
492763
492789
497384
550286
550554
553656
554230
556226
557109
557176
557648
557810
557926
558154
559020
559087
560549
561737
561747
562011
562552
562838
563181
564337
564921
565130
565241
565386
571865
58100
65237
790934
792699
793158
794574
795167
798864
