NCBI Gene ID
100000252
100001836
100002263
100003223
100003514
100003770
100004299
100005033
100005469
100006041
100006255
100006675
100007048
100037387
100048921
100049705
100136849
100141346
100149028
100149273
100149794
100150664
100151255
100170785
100318165
100318854
100329779
100331333
100331874
100332111
100332237
100333114
100333179
100333967
100334116
100334859
100499533
100534866
100535241
100535278
100535718
100536197
100536533
100537244
100537277
101883508
101885031
101885790
101886015
101910198
103909601
114433
142986
245701
245702
252849
252850
260303
266749
286830
286831
286832
30037
30121
30222
30234
30265
30429
30592
30654
30682
30716
317747
321070
321107
321212
321243
322221
323561
323695
323818
324004
325034
325084
325675
325686
326719
327204
327301
334597
335269
335916
336471
336839
337084
337158
337730
337767
360144
368415
369191
373103
373107
373108
373872
378478
378480
378972
386705
386787
386856
386966
393543
393953
394012
394038
394101
394174
399480
399546
403000
403026
403045
403049
403065
403146
404211
405898
406308
406411
406493
406548
406659
406714
406728
407685
407980
415151
415240
415242
431769
436718
437027
442922
445091
445234
445380
445393
445506
447840
447930
449679
449707
449831
449996
450006
492549
492576
493609
493781
494453
497384
503730
503893
541320
541374
541475
544667
550286
550487
550569
552980
553337
553354
553355
553629
553656
553699
554230
554268
554269
554270
555254
555805
556226
556286
556413
556443
556605
556734
556752
556842
556874
557109
557176
557468
557882
558154
558635
558685
558958
559145
559529
560400
560549
560564
561635
561670
561737
561901
562011
562496
562529
562720
562838
563023
563053
563429
563556
564005
564246
564266
564565
564921
565038
565130
566325
566796
566845
567110
567123
567175
567640
567771
567874
567895
567928
568309
568885
569510
569698
569755
569971
570216
570218
570288
570643
570772
570868
571317
571431
571753
571837
572057
572187
572348
574422
57934
57935
58100
65236
677750
678512
751630
767790
768202
791212
792699
793158
794088
795167
795752
796490
796537
797491
798657
798876
799608
