NCBI Gene ID
100002993
100004076
100006320
100037326
100141353
100150965
100379286
100384891
100384893
100384895
100384896
100384897
100384898
100384899
100384901
100384902
100384903
100415791
100415792
100415794
100415797
100415798
100415799
100415800
116517
116713
280648
30381
322378
322482
324188
324340
325875
325922
378722
393427
393539
393580
393724
393761
402841
402939
405814
406731
406799
407663
436597
436731
445083
450050
492759
494176
553239
553501
553564
553712
553952
553969
554036
555864
556049
556528
556557
556575
558396
558473
558508
558541
561542
562840
563241
563950
566123
570457
570913
641479
641488
64265
677660
678597
751669
751745
751785
767705
767756
777751
791210
791613
792506
795050
795261
797211
84039
