NCBI Gene ID
100004133
100004321
100007048
100034507
100037391
100049706
100136840
100147851
100149048
100149745
100151416
100151464
100320152
100330864
100332237
114401
114433
140621
171473
266794
30188
30222
30590
30637
30733
321875
324098
324137
334932
336998
368221
368316
368415
368909
373093
393162
393356
393548
393779
394065
402991
403064
403079
406304
406507
406715
406840
415158
415165
431763
436699
436933
447870
449996
492468
492763
494479
497646
550597
553652
553689
557302
557507
558619
559425
561021
561535
561901
563527
565038
566604
567524
567770
569515
570772
571033
571845
58022
58025
58081
58131
751765
767645
768248
777730
794088
796473
799608
80955
80973
