NCBI Gene ID
100000242
100001532
100002318
100002946
100003859
100003911
100004555
100005446
100006041
100007048
100007897
100049706
100126803
100149080
100149273
100149388
100149641
100150844
100322630
100330105
100330160
100330810
100333845
100334178
100334992
100535674
100536675
100537538
100885851
101243556
101882558
114401
266756
280653
30280
30573
30591
30681
30768
322060
322126
322425
323099
323944
324211
326974
334571
334582
335916
336637
360134
360144
368359
368481
373107
373108
373874
387298
393132
393186
393268
393287
393386
393551
393620
393650
393890
393896
399480
402938
403013
403036
403084
403131
403132
403145
403147
405770
405785
406411
406463
406466
406529
406645
406659
407700
415099
415185
431715
436615
436718
436734
437024
445119
445223
448858
492489
494131
494163
494180
503763
541530
550552
553788
554561
556289
557086
557239
557302
557335
557526
557810
559296
560607
560840
560841
561021
562317
562552
562585
562720
562867
563132
563560
563887
563907
564295
564497
564854
565155
565200
565756
566185
566547
566811
566871
567134
567417
567448
567460
567611
567642
569298
569376
569698
569903
570622
570772
570965
571331
571965
57923
57933
58022
641582
65236
65237
692289
751630
767660
768182
777653
777696
792697
793153
793200
793673
794666
795671
796425
796505
797669
799412
