NCBI Gene ID
100000252
100002225
100002263
100002318
100002946
100003132
100003859
100003911
100004358
100049706
100126803
100149273
100149794
100270764
100534776
100885851
101883535
101883537
101883679
101883994
101910198
103908881
266756
30681
30768
323099
327204
335916
336876
360134
360144
368481
378972
393132
393287
393650
394174
394198
399480
403052
403084
403125
403126
403127
403128
403131
403132
403133
403136
403137
403138
403139
403145
403146
403147
403148
404211
405770
405785
405811
406463
406728
415099
415185
437024
445119
445373
445410
494163
541530
550475
553788
554561
557176
557302
557810
560549
560913
561021
561737
562317
562552
562720
562838
563181
563560
563727
563964
564403
564854
565756
567460
568951
569226
569698
570238
58022
65236
65237
65239
692289
777653
792699
795671
797669
798892
