NCBI Gene ID
100000160
100000252
100001221
100001836
100002225
100002263
100002872
100002928
100003223
100003770
100004299
100004742
100004938
100005033
100005049
100005469
100005852
100005903
100006041
100006255
100009637
100038776
100124597
100141346
100149161
100149598
100149794
100150701
100151255
100317924
100329779
100330960
100331333
100331581
100331874
100333179
100334859
100499533
100534937
100535634
100535718
100536197
100536317
100536533
100536705
100537012
100537244
100537977
101882585
101883214
101883614
101885659
101885761
101885790
101886015
101886694
101910198
103909601
114447
114456
140747
142986
266749
286739
30262
30380
30429
30538
30549
30560
30592
30705
30716
317747
321070
321099
321383
321496
322221
323285
325034
325084
325085
325881
326719
326825
327068
327204
327301
333938
334597
335269
335474
336333
336504
336613
336623
336839
337084
337690
352938
352940
352944
359829
359830
359831
360144
368199
368245
368461
373103
373124
378478
378480
378972
386705
386762
386787
386856
393228
393550
393611
393733
393837
394012
394034
394056
394174
394235
394243
399480
399482
399546
402820
403001
403009
403045
403063
403065
403146
404211
404231
405898
406250
406363
406411
406493
406604
406659
406728
406738
406820
407685
407737
407980
415151
415187
415190
415204
431737
431769
436718
436924
437027
445102
445184
445234
445289
445305
445380
445393
447840
447930
449660
449707
449808
449831
450006
492549
492576
493181
493612
494081
494454
494455
494456
497639
503589
503893
541320
541394
541475
550286
550513
550569
552980
553434
553493
553629
553656
553978
554141
554168
554861
555254
555454
555516
555920
556029
556104
556226
556286
556413
556443
556734
556752
556873
556951
557109
557176
557797
557912
557935
557983
558288
558477
558685
559017
559145
559529
559630
560305
560360
560400
560549
560564
561431
561491
561589
561635
561670
561737
561894
562455
562475
562838
563030
563181
563556
564266
564565
564770
565130
565771
565774
566329
566735
566764
566845
567175
567479
567621
567874
567905
567956
568309
568426
568935
569510
569566
570216
570218
570435
570832
570868
571031
571431
571679
571753
571837
572187
572348
57934
57935
58075
58129
65089
677750
678518
692065
692331
724048
735292
751630
751792
767646
767790
791177
792699
792708
793127
793158
793949
794215
794278
794365
794658
794698
795135
795167
795517
796490
797491
798657
798694
798876
799082
799156
799227
799354
799355
