NCBI Gene ID
100002318
100003223
100005148
100005268
100005885
100005981
100009657
100049158
100148976
100149388
100307076
100307086
100318335
100321746
100330483
100333151
100333702
100534937
101884360
108192159
114433
117604
192322
245701
245702
266756
280649
30114
30188
30262
30450
30681
30702
321729
321808
322060
322854
323055
323883
324475
327301
327379
334373
334597
335195
336121
336610
337670
338219
360144
368217
368316
373878
373881
393403
393716
393885
393886
393907
393956
393998
399480
399487
403060
406353
406419
406443
406582
406610
406660
406685
406715
406728
406816
406825
407980
415165
415185
436815
445076
445208
445246
445392
445501
447814
447870
449548
449846
494046
503763
550258
550434
550436
550554
550576
550585
557026
557208
557810
557902
557926
558402
559665
560151
560410
560560
560719
560807
562014
562064
562282
562460
562552
562585
562619
562769
563147
563724
564064
564337
565241
566735
567611
568726
568795
568838
569473
569499
569575
570652
571285
571753
571825
58025
65237
678633
751740
768140
777728
79079
791138
791855
793359
794574
794666
795517
797354
797406
798222
798352
80973
