NCBI Gene ID
100000252
100002263
100002318
100004261
100004358
100006041
100049706
100101464
100101653
100149273
100149388
100149794
100150814
100150844
100317924
100321746
100333254
100334750
100536317
100885851
101910198
192322
246227
259196
266756
30190
30380
30637
30681
30716
30768
321808
323099
325084
327321
327379
333979
334202
334571
335916
336121
360144
368217
368241
368481
373103
378972
393228
393287
393426
394174
399480
403013
403146
404211
405769
405770
405785
406411
406463
406659
406660
415099
415100
415185
436718
436920
437024
445289
445373
445410
447814
449660
541530
550286
550513
550554
553656
553957
553961
556277
556779
556823
557109
557176
557302
557648
557810
557926
559020
560151
560549
561021
561108
561682
561737
561747
561772
561914
562455
562552
562585
562720
563560
564337
565200
565241
565656
565756
566185
566869
567611
568315
569698
571031
571242
571865
57923
57933
58022
65236
65237
751630
792160
794574
794666
795414
795766
796425
