NCBI Gene ID
100002145
100002956
100004652
100004744
100006589
100124622
100149204
100151110
100330864
100333757
100334384
101882295
101884069
114426
30733
30740
322533
324366
324900
326857
333974
352926
352928
352929
368909
386951
393191
393387
393493
393556
393778
394009
406278
406703
406736
406762
431762
436833
436894
447895
449784
450084
492500
494154
552981
553169
553575
555317
555478
557614
562854
563855
563972
564619
566746
567275
568744
569014
569734
570579
571365
678541
723997
767682
79381
794084
795959
798788
80872
