NCBI Gene ID
100001198
100001532
100002225
100003596
100003770
100005075
100006888
100007047
100007492
100034463
100037358
100124530
100126126
100136840
100148976
100149080
100149388
100149794
100150090
100151181
100170795
100317924
100320028
100321746
100330105
100331581
100331840
100332055
100332205
100333455
100333702
100536023
100536317
100537244
100537538
101883928
101884360
101885761
101886666
101910198
114424
114462
117508
117509
140421
140423
192322
30222
30380
30498
30564
30575
30580
30639
30716
321449
321808
322104
322425
322509
323509
323588
324254
326283
326825
327379
327650
335232
335655
335656
336121
336333
336421
337838
360144
368217
378972
393228
393268
393719
393846
393946
393998
399480
403146
404036
406349
406440
406466
406483
406598
406604
406660
406728
406796
407700
436670
436673
436710
436905
445028
445076
445289
449660
449707
492576
492811
541370
548346
550256
550270
550286
550513
553319
553418
553489
553609
553656
557026
557109
557486
557499
557893
557902
558073
558685
559111
560151
560317
560410
560549
560561
560578
560719
560807
561350
561635
561935
562242
562585
562619
562813
563147
563181
563432
563654
563724
563953
564064
564088
564261
565492
566845
567212
567602
567611
568316
568368
568463
568512
568726
568877
569376
569480
569499
569510
570108
570245
570652
570761
571106
571825
572074
574004
58066
58092
60658
64604
64671
677750
678619
792928
793710
794575
794666
794669
795135
796780
797199
797361
798375
798565
798771
