NCBI Gene ID
100002993
100005763
100006320
100124622
100144569
100330864
100379286
100384891
100384893
100384895
100384896
100384897
100384898
100384899
100384901
100384902
100384903
100415791
100415792
100415794
100415797
100415798
100415799
100415800
100538266
103910413
110438480
30083
30084
30085
30086
30733
30740
317745
322378
322660
324366
327057
327590
335716
338306
368909
393113
393143
393493
393556
393559
394170
402979
405829
406259
406383
406703
406731
406736
415146
431724
431762
436842
436894
437016
445194
447928
449784
449801
449835
492500
492517
503707
553169
553952
556049
557834
558466
558508
559958
560486
561967
563597
563972
564619
567275
568744
570547
570913
571365
571441
573111
58120
641479
641488
678597
723997
751669
767705
767756
791210
791613
792506
79381
794381
795050
795256
795261
797211
