NCBI Gene ID
100002318
100002946
100003859
100003911
100004358
100005446
100049706
100126803
100148871
100149273
100333797
100334486
101243556
266756
30116
30681
323099
360134
393144
393287
393650
393721
405785
406377
406463
415099
415185
437024
445119
445146
445373
445410
449731
494180
541530
553788
554561
555459
556823
557302
557335
557526
557810
559568
561021
561108
562317
562552
562720
562867
563560
564295
564854
565756
565759
566947
567460
569698
570965
58022
58119
58130
65236
65237
692289
767660
793926
