NCBI Gene ID
100000252
100000325
100001198
100002225
100002263
100003514
100003877
100006041
100006675
100009657
100148840
100149082
100149745
100149794
100151344
100170793
100329656
100329702
100330617
100332722
100333504
100333967
100534937
100536950
100537196
100537790
100537865
100538220
101885386
101910198
103909113
108179059
114433
192335
245699
245700
245701
245702
286779
30105
30122
30123
30127
30128
30144
30171
30262
30283
30308
30363
30364
30366
30369
30370
30380
30412
30654
30716
30738
323630
324140
324254
324863
325358
327294
334550
334749
335025
336619
337167
337583
337670
338219
359837
359839
359840
360144
368415
368907
378866
378972
393208
393228
393287
393533
393702
393732
393750
393935
393953
394110
394174
399480
399488
403000
403065
403146
404211
405785
406308
406336
406349
406411
406471
406659
406728
406822
415235
436718
436799
445028
445155
445289
446167
449655
449937
492361
493609
493617
497384
541523
541544
550286
550537
550549
553214
553597
553656
553976
555584
556087
556286
557109
557176
557384
557447
557634
557882
558422
558848
559050
559281
559391
560032
560455
560549
560638
561019
561670
561703
561737
561831
561835
562032
562137
562242
562995
563181
563427
563560
563708
564989
565677
565714
565921
566559
566735
567524
567746
568110
568191
568518
569420
569863
570077
570568
571285
572074
573492
58023
58072
58073
60632
641489
678628
751630
751644
767781
768159
768177
768202
777634
777728
790938
791563
791595
791993
792689
79380
794088
796322
797213
797250
797680
798071
799099
799566
80972
