NCBI Gene ID
100000574
100000775
100000783
100001004
100001092
100003387
100003969
100004011
100004321
100004510
100004555
100004768
100005446
100006331
100006428
100006523
100007048
100038774
100049706
100125271
100126128
100126803
100147988
100148581
100148591
100148818
100149273
100149436
100151041
100170833
100329124
100332229
100332885
100333615
100334178
100334621
100334934
100536331
100536675
100538134
101882533
103908687
103909881
103911342
103911344
110438871
192321
252913
280653
30280
30298
30307
30554
30573
30591
30767
30768
317737
321622
322126
327067
334582
335519
336426
336473
336612
337413
337730
360134
368481
368519
369197
373092
373093
373107
373108
373114
373125
393164
393186
393351
393386
393417
393444
393535
393754
393880
393896
394048
403013
403051
403077
403126
403131
403132
403147
405770
405785
405790
405840
406286
406452
406471
406529
406621
406766
406768
415155
431715
436651
436815
436866
445091
445208
445397
445474
447823
449794
492357
492789
493916
541374
550436
550542
553353
553552
553655
554094
556700
556823
557302
557526
558613
558711
558816
559087
559220
559425
559768
560309
560527
560788
561021
561108
561187
561370
562064
562317
562720
563053
563177
563546
563887
564295
564497
565106
565155
565200
565202
565386
565825
566165
566185
566370
566871
567460
567642
568830
569532
569698
569903
570115
570772
571368
57923
57933
58022
58081
58108
58130
606720
65236
678613
735295
767645
767670
768248
777653
791855
793359
793673
794493
795095
795671
798222
798864
798901
