NCBI Gene ID
100001191
100002038
100002040
100003026
100003572
100005529
100006612
100007502
100008070
100008376
100037358
100101641
100124599
100136875
100148193
100149148
100149555
100149647
100317281
100317899
100329748
100329813
100330443
100331199
100331282
100332329
100332402
100333131
100333558
100333605
100333835
100334351
100334507
100535326
100536916
100537244
100537719
100884147
101884886
101884977
108190403
195818
246275
252846
266676
30324
30429
30453
30592
30616
30627
321552
322509
324244
325449
326719
327029
327377
333938
334108
334274
335083
335110
335340
335499
335798
336165
336681
337084
337223
337226
337770
353247
353248
369190
373076
373080
373083
386701
386711
393139
393154
393209
393452
393609
393664
393796
393882
393908
393928
393960
394068
394141
394163
402809
402814
402901
406257
406297
406303
406437
406493
406681
406811
407638
407658
408256
415164
415175
415183
415191
415209
431767
431777
436770
436902
445029
445048
445164
445209
445472
445473
447884
447906
447926
447930
449825
449979
450006
474327
492493
494070
494164
541515
544651
550249
550267
550445
550458
550479
550547
550569
552915
553436
553438
553678
553694
553797
554127
554168
555285
555290
555454
555705
556023
556103
556141
556606
556703
557863
558219
558408
558552
558627
559005
559562
560592
560945
560956
561431
561525
561612
561639
561788
562052
562188
562279
562365
562676
563091
563459
563648
563752
564573
565267
565345
565563
565740
565913
566034
566086
566459
566481
566674
566766
566880
567045
567402
567536
567632
567643
567790
568367
568760
569394
569545
569779
569992
570113
570210
570363
570502
570771
571487
571520
572690
573122
573216
573266
573988
574000
574004
57934
57935
58004
58071
58082
58084
58114
58142
641421
641561
641565
64671
677750
751665
767729
767746
767754
767806
768300
777640
792024
793121
793976
795537
795591
796782
797363
798632
798868
799274
799300
799461
