NCBI Gene ID
100004625
100004988
100005081
100147988
100151220
100317326
100330881
100333057
100333959
100535683
114447
140747
30572
30731
321464
321602
322997
325221
327069
327568
334175
334465
335519
336612
337663
360142
360143
393137
393164
393721
393880
394062
394165
406669
406705
406835
415179
436648
436782
445397
550517
553453
553760
555517
556421
556758
557383
558395
558638
559032
559273
559677
561067
561138
562203
562808
563942
565484
565533
565612
565819
566557
566591
566841
567111
571621
64275
678639
767670
793232
797545
799716
799982
