NCBI Gene ID
100003553
100007313
100007655
100009659
100037372
100126012
100332172
100535720
100538016
100750260
114432
282676
30079
317641
321035
321940
323016
324048
324574
326786
327625
327627
334116
360153
373085
378946
378963
386629
393121
393668
393669
393712
393827
393856
394008
394064
394144
402850
402874
406245
406632
406788
406795
415167
445157
445224
447836
448949
449540
449918
449987
450057
474329
492479
492503
504054
550234
550247
550259
553665
557829
558487
558857
559653
560362
560386
560944
561416
563948
564633
565000
565659
566017
568001
568176
568678
569055
569072
570106
573047
57924
606498
751632
768119
791461
792831
