NCBI Gene ID
100000252
100001092
100001836
100002263
100003223
100004321
100004358
100005446
100007048
100034470
100038779
100049706
100126803
100136836
100145909
100149189
100149794
100149925
100329124
100330617
100333043
100333797
100536487
100536675
100537384
100885851
101243556
101910198
103911540
108190761
114401
140621
30163
30248
30280
30298
30307
30400
30491
30590
30715
30762
30763
30768
30783
321046
321315
321564
321807
321872
323099
323679
323700
323702
323865
324254
325084
325317
327301
333979
334597
335396
335409
337167
360134
368481
368614
368615
368771
368816
368877
368878
368925
373107
378851
378972
386787
393132
393287
393377
393426
393557
393565
393650
393702
394049
394174
402972
403013
403084
403125
403126
403128
403133
403145
403146
403147
404211
405769
405770
405785
405790
405835
405839
405841
406288
406463
406471
406596
406691
406775
407980
415099
415150
415158
436883
437024
445119
445123
445373
445410
492763
494039
494133
494163
541530
541548
550401
553302
553427
553788
554167
554561
556399
556826
557043
557055
557176
557302
557526
557665
559425
559564
560127
560549
560816
560933
561006
561021
561737
562317
562867
563560
563613
563887
564266
564295
564853
564854
564921
565074
565200
565206
565338
565756
565759
565774
566604
567524
569226
570772
571282
571368
571753
572211
58022
58081
58100
58113
58130
58131
64691
64885
654336
692289
735295
751714
751719
767645
767703
767781
768248
777653
791187
791453
791704
791742
794493
795595
796425
797669
798119
798191
799566
