NCBI Gene ID
100000085
100000165
100000399
100001785
100002366
100003043
100003139
100003844
100004557
100004566
100005129
100005175
100005220
100005266
100005356
100006090
100007877
100126133
100329505
100329879
100330183
100330411
100332691
100332784
100333521
100333625
100334661
100537591
100538007
103910035
103911283
108181664
114367
140811
192336
192340
195824
266798
282673
286779
30443
321453
321461
321724
321818
321853
322811
323579
323613
324307
324466
324818
324985
325402
327237
327635
335008
335494
336746
337532
337572
337771
368704
368852
368911
378958
393128
393135
393279
393309
393398
393549
393657
403021
405845
406318
406342
406385
406486
406511
406625
406645
406648
406689
406713
406801
406830
415147
415244
431731
436641
436692
436725
436812
436945
445165
445244
445487
447897
449649
449791
450022
450068
450083
492340
492643
503600
503759
541416
541519
548343
550415
550460
550475
550529
553330
553365
553423
553594
553691
554157
555639
556700
557061
559072
559228
559480
559550
559575
559850
559959
560126
560593
560778
561117
561469
562166
562480
562996
563316
563328
563359
563390
563849
564077
564342
564731
564790
565099
565246
565588
565645
566506
566517
567046
567333
567623
567720
567869
569153
569262
569298
569326
569407
569719
570148
570467
571066
571441
572502
65225
664772
678623
767760
767799
791159
791189
791203
792966
795916
796031
798347
798361
799153
