NCBI Gene ID
100001191
100001421
100002190
100002225
100002263
100002318
100002872
100002946
100003026
100003206
100003363
100003859
100003911
100004321
100004555
100004870
100005026
100005446
100005846
100005887
100006041
100006250
100006857
100007048
100007897
100009637
100038776
100048921
100049706
100141338
100149273
100149794
100151249
100329883
100330514
100330810
100331324
100332402
100534866
100537244
100537448
100885851
101886383
101886613
101910198
110440104
114428
114456
140621
266756
30265
30429
30510
30523
30556
30573
30591
30592
30681
30686
30701
30707
30716
317743
317747
321070
321383
321938
323099
324004
324681
325557
325586
326719
327026
327068
327204
327373
327377
334108
335110
335474
335499
335798
335916
336063
336504
336550
336613
336637
336681
336839
336933
337084
337223
337424
337737
360144
368424
368640
373080
373083
373093
373103
373107
373874
378972
386590
386701
386807
393132
393139
393141
393154
393287
393452
393550
393653
393664
393711
393716
393902
393928
393945
393993
394034
394141
394163
394174
394198
394235
394243
399477
399480
399482
402901
402938
403052
403084
403125
403128
403131
403132
403133
403138
403139
403145
403146
403148
405770
405785
405821
406250
406270
406276
406297
406303
406364
406411
406463
406471
406486
406493
406525
406598
406659
406681
406723
406728
406811
406820
407638
415099
415158
415185
415187
415190
415204
431725
431767
431777
436718
436734
436770
436866
445164
445305
445472
445473
447930
448942
449549
449788
450006
450032
492355
493612
494163
494576
497649
503946
541530
548346
548603
550286
550458
550479
550569
553413
553542
553634
553656
553678
553788
554127
554561
554861
555437
556103
556104
556226
556371
556424
556640
556873
556909
556951
557109
557302
557526
557810
558552
558917
559010
559154
559276
559334
559866
560549
560569
560840
560913
561021
561525
561612
561737
561894
562317
562365
562372
562445
562529
562552
562720
562750
562838
563023
563181
563215
563365
563459
563560
563632
564048
564261
564295
564403
564823
565155
565563
565649
565740
565756
565852
566086
566185
566547
566604
566639
566849
567078
567222
567460
567938
568951
569226
569358
569394
569698
570238
570288
570772
571356
571950
572542
572690
573122
573216
573266
57923
57933
57934
57935
58022
58081
58130
641421
641561
641565
65236
65237
65239
677750
751630
751756
767645
767729
767738
767746
767806
792024
792699
793158
795051
795591
795671
798445
798868
798985
799274
799355
799806
