NCBI Gene ID
100002875
100002993
100006320
100329531
100379286
100384891
100384893
100384895
100384896
100384897
100384898
100384899
100384901
100384902
100384903
100415791
100415792
100415794
100415797
100415798
100415799
100415800
101882578
101886332
30617
321294
322378
338290
394129
394181
402970
404731
406731
436771
436959
550338
553384
553952
556049
556389
557077
558508
561607
562037
570913
571441
58016
58215
641479
641488
64607
64608
664750
678597
751669
751732
767661
767705
767756
791210
791518
791613
792506
795050
795261
797211
84702
