NCBI Gene ID
100002384
100003220
100003278
100003329
100034540
100034580
100037358
100037383
100038781
100124599
100126126
100148645
100150428
100329748
100329813
100330915
100331116
100331199
100333064
100333135
100535196
100535363
100537244
101882457
101885761
114410
114457
140512
140539
140540
140541
170581
245703
260440
30324
30468
30616
321552
322013
322549
324244
326962
326975
335751
335774
336118
337770
353247
353248
373076
386711
393478
393614
393776
393793
393908
393940
402880
403310
403311
405791
406359
406437
408256
415164
415175
415209
415253
436768
436925
436930
436968
447942
494489
494577
541376
550428
550445
553296
553489
554101
554103
554154
554532
556638
556703
557348
557499
559015
559236
559964
560561
561434
562422
562640
563476
564379
564883
565158
566723
567212
567438
568225
568265
568463
568512
568671
568759
569480
569770
569855
570210
570683
571193
574000
574004
58071
58114
64267
64269
64272
64273
64609
64610
64611
64612
64613
64614
64615
64616
64671
677750
678560
751638
767664
768300
792983
793708
794222
794522
795135
795492
797199
797409
797554
