NCBI Gene ID
100000720
100004175
100005981
100034507
100049158
100141368
100147915
100148604
100151181
100151416
100151464
100307076
100307086
100318335
100331892
100333252
100333282
100534898
100537961
101885420
101886806
117604
192295
192302
192323
192333
192338
280649
286747
30188
30222
30450
30590
30637
30639
30654
30678
30686
317763
321729
322060
322275
322854
323055
323299
323883
324256
324475
326283
327060
327226
327471
334315
335195
336610
336998
337598
338204
359834
368316
368329
369194
369195
373878
373881
393141
393148
393162
393223
393548
393554
393716
393749
393885
393886
393907
393967
394124
399483
399487
402825
402862
402908
402991
403012
403060
403064
404206
405897
406304
406353
406419
406443
406462
406479
406507
406582
406610
406685
406695
406715
406740
406741
406813
406816
415165
431763
445386
445392
445395
445411
445501
447870
449548
449846
449996
492353
492768
494046
497646
503763
541325
550258
550434
550576
550585
553345
554509
555797
557208
557882
558402
559111
559273
559398
559665
559723
560317
560560
560751
562014
562282
562283
562460
563669
563708
563884
564533
564967
564982
565038
565592
565612
565969
566409
566753
566787
566831
566841
567006
567111
567168
567770
568795
568846
569473
569515
570900
571082
57925
58025
58092
751740
767751
768140
768161
777730
777733
791138
791146
791894
794108
794129
794669
795522
797354
797406
798352
799015
799608
80973
