NCBI Gene ID
100000252
100000720
100002225
100002263
100003514
100006675
100006951
100007677
100034402
100149258
100149273
100149794
100151416
100151464
100270726
100332111
100333967
100334953
100535494
100536197
101882495
101885162
101910198
142986
266749
30380
30654
30686
30716
323818
324254
325034
325084
335916
360144
368329
369197
373103
373867
378478
378972
386635
386705
386966
393141
393228
393953
393972
394174
399480
402862
403045
403052
403063
403065
403146
404211
405898
406308
406349
406666
406728
407664
431769
436815
445098
445208
445234
445289
445474
492364
493609
497384
503869
544664
550286
550436
553656
556277
556286
556443
557109
557176
557882
560549
560913
561670
561737
561747
562011
562064
562242
562720
563181
564584
564921
567874
567895
568951
569698
569836
570636
571431
58100
65236
791855
793359
796461
797938
798222
799566
